Fila,Prompt,Idioma original,en,es,unknown,total,contamination,words,unknown_words
0,"Emotions flow like rivers, carving paths through the landscape of our psyche. They mirror the depths of our subconscious, revealing secrets we've long forgotten. To dive into these waters is to connect with our true selves, allowing intuition to guide us through the currents of feeling. The turbulence of emotion is not to be feared, but embraced as a vital source of information about our needs and desires. As we immerse ourselves in our emotional world, we discover the power of empathy to forge connections with others, understanding shared experiences through the lens of feeling. This card invites introspection, encouraging us to explore the impact of our emotions on daily life and decision-making. It whispers that sensitivity is not weakness, but a tool for connection and self-discovery, inviting us to honor the wisdom of our emotional landscape.",en,122,18,0,140,0.129,"['ve', 'to', 'to', 'true', 'to', 'to', 'be', 'as', 'a', 'vital', 'as', 'to', 'invites', 'to', 'explore', 'a', 'to', 'honor']",[]
1,"Inhaling the essence of thought, we dance upon the winds of wisdom, each breath a sacred transmission of divine insight. The mind, a vessel of air, receives the whispers of truth, processing them into clarity. As we speak our thoughts aloud, we shape reality with each word, each syllable a brushstroke painting our world anew. The air card invites us to explore the power of our inner dialogue, to listen closely to the voice within, and to cultivate the art of clear communication. For in the purity of our thoughts lies the key to understanding ourselves and the world around us.",en,84,16,1,101,0.158,"['dance', 'a', 'divine', 'a', 'as', 'reality', 'a', 'invites', 'to', 'explore', 'dialogue', 'to', 'listen', 'to', 'to', 'to']",['brushstroke']
2,"In the realm of tangible existence, where spirit meets matter, a beacon stands tall, illuminating the path towards fruition. It whispers tales of stability amidst flux, inviting us to dance with the earth's rhythm, our feet planted firmly in the fertile soil of our own making. The dance of creation unfolds here, where ideas take shape and emotions manifest into concrete forms, each step a testament to our capacity to sustain and nurture life. In this sacred space, we are called to align our deepest aspirations with our daily practices, weaving a tapestry of balance and sustainability that reflects the essence of our being.",en,87,17,1,105,0.162,"['tangible', 'a', 'tales', 'flux', 'to', 'dance', 'dance', 'here', 'ideas', 'concrete', 'a', 'to', 'to', 'are', 'to', 'a', 'balance']",['sustainability']
3,"In the dance of spirit descending into matter, the tangible world unfolds like a tapestry woven with threads of our deepest convictions. Each stitch represents a choice made, a path walked, a seed planted in fertile soil. The earth card invites us to gaze upon this creation, to marvel at the beauty and complexity of our own making. It whispers secrets of stability and sustainability, urging us to tend the garden of our lives with care and intention. For in the earth, we find the mirror of our own essence, reflected back in the solidity of our actions and the nurturing of our resources. The earth card is a call to align our inner world with the outer, to let our beliefs take root and grow into the tangible reality of our existence. It invites us to dance with the earth, to become one with the rhythm of creation, and to embrace the power of our own hands in shaping the world around us.",en,141,22,1,164,0.134,"['dance', 'tangible', 'a', 'a', 'a', 'a', 'invites', 'to', 'to', 'to', 'care', 'a', 'to', 'to', 'tangible', 'reality', 'invites', 'to', 'dance', 'to', 'to', 'embrace']",['sustainability']
4,"In the realm of tangible existence, where spirit descends into matter's embrace, a figure stands tall, wielding the power of discernment. She embodies the essence of transformation, cutting through illusions to reveal the core of truth. Her gaze pierces the veil of appearances, unveiling the essence beneath. With each stroke of her blade, she shapes reality according to her vision, sculpting the world into forms that reflect her deepest convictions. She is the architect of her own destiny, crafting a path that aligns with her spiritual aspirations. In her hands lies the power to forge a world that mirrors her inner landscape, where every action is an expression of her authentic self. She dances with the earth, weaving her dreams into the fabric of reality, leaving an imprint of her soul upon the material plane.",en,109,27,0,136,0.199,"['tangible', 'embrace', 'a', 'figure', 'to', 'core', 'her', 'her', 'reality', 'to', 'her', 'her', 'her', 'a', 'her', 'her', 'to', 'a', 'her', 'her', 'dances', 'her', 'reality', 'her', 'soul', 'material', 'plane']",[]
5,"In the depths of the psyche, emotions flow like rivers, reflecting hidden truths and forgotten secrets. Immerse yourself in the currents of your feelings, exploring their depths for clues to your true self. Let the waters of empathy connect you to others, revealing shared experiences and emotions that bind us together. Honor your sensitivity as a tool for both self-discovery and connection, allowing your emotional wisdom to guide your path.",en,64,7,0,71,0.099,"['to', 'true', 'to', 'honor', 'as', 'a', 'to']",[]
6,"In the dance of flames, desires ignite,
Passion's pulse quickens the night.
Embers of old dreams consumed by fire,
Ashes of yesterday, now expire.
From the ashes rise a phoenix new,
Born of will, forged by truth.
The spark within, divine and bright,
Illuminates the path ahead, alight.
In the crucible of change, transform,
Let the old be burned, let the new be born.
The power of Fire, raw and pure,
Drives the seeker forth, evermore.
To channel this force, deliberate,
Align the heart with purpose, elevate.
In the dance of flames, desires ignite,
Passion's pulse quickens the night.",en,89,12,0,101,0.119,"['dance', 'pulse', 'expire', 'rise', 'a', 'divine', 'bright', 'be', 'be', 'to', 'dance', 'pulse']",[]
7,"In the realm of tangible existence, where spirit meets matter, a pause takes place. A moment of reflection amidst the bustling world, a chance to survey the landscape of our lives. The cups held aloft, filled with the essence of our dreams and desires, invite us to sip from their depths. To taste the flavors of our own creation, the sweetness of our joys and the bitterness of our struggles. This pause is an invitation to align our actions with our highest aspirations, to ensure that each step we take is a dance with our own soul. For in the dance of life, we are both the dancer and the floor upon which we move.",en,96,19,0,115,0.165,"['tangible', 'a', 'pause', 'place', 'a', 'a', 'chance', 'to', 'invite', 'to', 'to', 'pause', 'to', 'to', 'a', 'dance', 'soul', 'dance', 'are']",[]
8,"In the dance of flames, shadows flicker and sway,
A fiery sword pierces the veil of night,
As embers rise, ashes fall away,
The phoenix born from the pyre's might.
In the crucible of passion's fiery glow,
The old gives way to the new's fiery birth,
As will ignites, burning bright and bold,
The divine spark kindles life's rebirth.
In the dance of flames, shadows flicker and sway,
The fiery sword pierces the veil of night,
As embers rise, ashes fall away,
The phoenix born from the pyre's might.",en,83,11,0,94,0.117,"['dance', 'a', 'as', 'rise', 'to', 'as', 'bright', 'divine', 'dance', 'as', 'rise']",[]
9,"In this realm of tangible dreams, where spirit dances with earth, the Ace of Cups whispers secrets of creation. It speaks of the fertile ground where ideas take root, growing into forms that embody our essence. Here, the waters of inspiration flow freely, nourishing the soil of our existence with visions that transcend mere physicality. This card invites us to embrace the power of manifestation, to let our hearts pour forth into the world as rivers of life-giving energy. It reminds us that we are the architects of our reality, shaping the clay of our lives with every thought and deed. In this sacred space of earth and water, we are called to align our actions with our highest aspirations, to let our love pour forth into the world as a tangible force of creation.",en,118,18,0,136,0.132,"['tangible', 'dances', 'ideas', 'here', 'mere', 'invites', 'to', 'embrace', 'to', 'as', 'are', 'reality', 'are', 'to', 'to', 'as', 'a', 'tangible']",[]
10,"In the depths of the psyche, emotions flow like rivers, reflecting hidden truths and forgotten secrets. Immerse yourself in this inner world, explore the currents of feeling that shape your being. Let empathy guide you through shared experiences, connecting you to others through the language of emotion. Honor your sensitivity as a tool for self-discovery, allowing your deepest needs to rise to the surface.",en,57,8,0,65,0.123,"['explore', 'to', 'honor', 'as', 'a', 'to', 'rise', 'to']",[]
11,"In the realm of earthbound truths, strength emerges from the depths of being. A force unseen yet palpable, it roots us in the tangible world, anchoring our spirits to the soil of existence. Like the earth itself, strength is the bedrock upon which we build our lives, the foundation that supports our every step. It is the power that rises from within, unfurling like tendrils reaching towards the light. Strength is the essence of our essence, the core of our core, the marrow of our marrow. It is the unyielding resolve that carries us through the seasons of our souls, the immutable will that refuses to bend in the face of adversity. Strength is the silent strength that dwells within us all, waiting patiently for the moment when we must summon its might. When we do, we find ourselves standing tall, rooted deeply in the earth, our spirits ablaze with the fire of our own indomitable strength.",en,142,13,2,157,0.083,"['emerges', 'a', 'palpable', 'tangible', 'to', 'rises', 'light', 'core', 'core', 'resolve', 'to', 'do', 'standing']","['earthbound', 'unfurling']"
12,"En el flujo de las emociones, el agua revela secretos ocultos y verdades olvidadas. Sumergirse en este mundo interior permite conectarse con la sabiduría intuitiva que ofrece la propia sensibilidad emocional. Las aguas turbulentas pueden ser una fuente vital de información sobre el verdadero ser y las necesidades más profundas. Honrar esta conexión con uno mismo y con los demás a través de la empatía permite una comprensión más profunda de las experiencias compartidas. La invitación es a explorar y comprender mejor las emociones dominantes, evaluando cómo influyen en la toma de decisiones y en las interacciones diarias. El agua es esencial para el desarrollo espiritual, ya que permite identificar las verdades emocionales que fluyen desde las profundidades del subconsciente.",es,0,117,3,120,0.0,[],"['sumergirse', 'conectarse', 'dominantes']"
13,"La Templanza es una invitación al equilibrio, una armonía entre el ser y el hacer. Es una llamada a la moderación, a encontrar el punto medio entre los extremos, a evitar los excesos que nos pueden llevar al abismo. En este estado de equilibrio, las ideas fluyen con fluidez, el pensamiento se vuelve cristalino y la comunicación se torna clara y precisa. La Templanza nos recuerda que el exceso de palabras puede ser tan dañino como el silencio absoluto, y que solo en la medida justa encontramos la verdad. Es una oportunidad para escuchar el silencio entre las palabras, para encontrar la quietud en el movimiento, para descubrir la luz en la oscuridad. En este estado de armonía, las ideas se transforman en acciones constructivas, los pensamientos se vuelven realidad y la comunicación se vuelve un puente hacia el entendimiento mutuo. La Templanza nos enseña que el secreto del éxito reside en encontrar el punto medio entre el demasiado y el demasiado poco, entre el demasiado alto y el demasiado bajo, entre el demasiado rápido y el demasiado lento. En este estado de equilibrio, la mente se abre a nuevas perspectivas, el corazón se llena de paz y el espíritu se eleva hacia la sabiduría universal. La Templanza es una invitación a la armonía, una llamada al equilibrio entre el ser y el hacer, una oportunidad para encontrar la luz en la oscuridad y la verdad en el silencio entre las palabras.",es,0,242,0,242,0.0,[],[]
14,"En el corazón de la tierra, donde la semilla encuentra su hogar, surge la promesa de crecimiento. La energía de la tierra, como una madre paciente, nutre y sostiene la vida en su seno. Aquí, las ideas cobran forma, las emociones se vuelven acciones tangibles que dan forma al mundo material. La conexión con la tierra es una invitación a la manifestación, un llamado a traer lo invisible al plano físico. En este espacio sagrado, donde lo espiritual y lo terrenal se encuentran, surge la oportunidad de alinear nuestros valores con nuestras prácticas diarias. El desafío es encontrar el equilibrio entre la abundancia y la sostenibilidad, entre la riqueza y la humildad, entre la salud y el bienestar. En el abrazo de la tierra, encontramos la fuerza para cultivar nuestras aspiraciones más profundas y dar forma a nuestro propósito en el mundo tangible.",es,0,143,0,143,0.0,[],[]
15,"En el corazón de la tierra, donde la semilla encuentra su hogar, surge la promesa de un nuevo comienzo. La energía de la tierra, como una madre paciente, sostiene y nutre todo lo que crece en su seno. Cada pensamiento, cada emoción, encuentra su expresión en la forma sólida y tangible de la materia. Aquí, en el reino de la tierra, las ideas se vuelven realidad palpable, y las creencias se transforman en acciones que dan forma al mundo que habitamos. La tierra nos invita a considerar la danza entre espíritu y materia, entre lo divino y lo humano, entre lo invisible y lo visible. En este espacio sagrado, donde lo alto y lo bajo se encuentran, somos llamados a honrar la conexión entre nuestro ser más profundo y nuestra expresión externa. En este lugar de encuentro, donde la semilla se convierte en árbol y el pensamiento en acción, somos desafiados a vivir en armonía con la tierra, a ser guardianes de su equilibrio y sostenibilidad. Aquí, donde la tierra nos sostiene y nutre, somos invitados a considerar cómo nuestras elecciones diarias reflejan nuestros valores más profundos y nuestra conexión con el todo. En el corazón de la tierra, donde la semilla encuentra su hogar, surge la promesa de un nuevo comienzo, donde cada pensamiento y cada emoción encuentran su expresión en la forma sólida y tangible de la materia.",es,0,230,0,230,0.0,[],[]
16,"En el corazón de la tierra, donde la semilla encuentra su hogar, surge la fuerza de la creación. Una energía primal brota del seno materno, nutriendo la vida en su forma más tangible. Las ideas cobran forma, las emociones se vuelven acción, y el espíritu se manifiesta en la materia. La Reina de Espadas, en su dominio sobre la tierra, sostiene el poder de la transformación y la manifestación. Su presencia invoca la conexión entre lo divino y lo humano, entre el mundo de las ideas y el mundo de las formas. En su mano, la espada simboliza la capacidad de cortar a través de las ilusiones y las limitaciones, revelando la verdad esencial que yace debajo. La Reina de Espadas es una invitación a la autenticidad, a la integración de lo espiritual y lo terrenal, a la creación de un mundo que refleje nuestra luz interior. En su presencia, somos llamados a honrar la tierra como nuestro cuerpo, nuestro hogar, nuestro templo sagrado. En su reino, la transformación se hace realidad, y la semilla de nuestro ser más elevado encuentra su expresión en la tierra.",es,0,186,0,186,0.0,[],[]
17,"En las profundidades del ser, donde las aguas de la emoción fluyen, se encuentra el reflejo de la verdad oculta. Sumergirse en este mundo interior permite descubrir la sabiduría intuitiva que yace en el corazón. Las olas turbulentas de los sentimientos revelan el verdadero ser y las necesidades más íntimas. El agua es un puente hacia la empatía, facilitando la conexión con otros en una comprensión más profunda de las experiencias compartidas. Esta carta invita a explorar las emociones dominantes y su impacto en la vida diaria, honrando la sensibilidad emocional como herramienta de conexión y autodescubrimiento.",es,0,94,3,97,0.0,[],"['sumergirse', 'dominantes', 'autodescubrimiento']"
18,"El fuego arde con intensidad, consumiendo las sombras del pasado y revelando la luz de nuevas posibilidades. En su danza ardiente, el fuego purifica y transforma, dejando atrás lo que ya no sirve para dar paso a la energía renovada que late en el corazón. Esta fuerza vital, esta chispa divina, es el motor que nos impulsa hacia adelante, hacia la manifestación de nuestros deseos más profundos. Pero cuidado, pues el fuego también puede ser destructivo si no se canaliza adecuadamente. Es nuestra responsabilidad elegir cómo usar este poder interior, cómo enfocar nuestra voluntad para crear en lugar de destruir. El desafío reside en armonizar nuestros impulsos con un propósito superior, en permitir que la luz de nuestra esencia ilumine el camino hacia la transformación personal y el crecimiento espiritual.",es,1,128,1,130,0.008,['si'],['adecuadamente']
19,"En el corazón de la tierra, donde la semilla encuentra su hogar, surge la promesa de un nuevo comienzo. La energía de la tierra, como una madre paciente, sostiene y nutre la vida en su seno. Aquí, las ideas cobran forma, las emociones se transforman en acciones tangibles y el espíritu se manifiesta en la materia. El elemento tierra invita a la reflexión sobre nuestra relación con el mundo físico y nuestros recursos, desafiándonos a armonizar nuestras aspiraciones más profundas con nuestras prácticas diarias. En este espacio sagrado, donde lo espiritual y lo material convergen, se abre la oportunidad de cultivar un enfoque equilibrado y sostenible, que honre la conexión entre nuestro ser interior y nuestro entorno exterior. En el abrazo de la tierra, encontramos el poder de crear un futuro donde nuestras raíces se hunden profundamente en la tierra, mientras nuestras ramas se elevan hacia el cielo, en un baile armonioso entre lo terrestre y lo celestial.",es,0,157,1,158,0.0,[],['desafiándonos']
20,"El fuego arde con intensidad, consumiendo lo viejo y dando paso a lo nuevo. Su luz ilumina el camino hacia la transformación, revelando la voluntad que late en el corazón. La energía del fuego es tanto destructiva como constructiva, capaz de quemar las cadenas que nos atan al pasado y abrir espacio para nuevas creaciones. En su danza ardiente, el fuego nos invita a reconocer y canalizar adecuadamente nuestra fuerza interior, a considerar cómo nuestros impulsos y deseos se manifiestan en nuestras acciones y decisiones. Esta llamarada divina desafía al buscador a usar su poder interior de forma consciente y deliberada, fomentando el crecimiento personal y la transformación. En su luz abrasadora, el fuego revela la chispa divina que enciende la motivación y el deseo de manifestar nuestra propia voluntad en el mundo físico. La energía del fuego es la fuerza vital que impulsa la acción y el cambio, la manifestación del poder divino que reside en cada ser humano. Esta carta nos recuerda que somos portadores de esa energía transformadora, y nos desafía a usar nuestra voluntad para crear un nuevo mundo a partir de las cenizas del viejo.",es,0,189,1,190,0.0,[],['adecuadamente']
21,"En el corazón de la copa, el espíritu encuentra su hogar en la materia. Las ideas fluirán como ríos de oro, nutriendo la tierra con su riqueza. Cada pensamiento se convertirá en acción tangible, cada emoción en forma sólida. La conexión entre el mundo espiritual y el físico se fortalecerá, revelando la belleza en cada detalle. El consultante aprenderá a bailar entre los reinos, transformando sueños en realidad palpable. La Tierra será su aliada, sosteniendo y nutriendo cada paso hacia la realización personal. En este viaje, el espíritu y la materia se fundirán en armonía, creando un mundo donde cada elemento respira vida y propósito.",es,0,105,0,105,0.0,[],[]
22,"En las profundidades del ser, donde las aguas de la emoción fluyen, se encuentra el secreto de la conexión consigo mismo y con los demás. Sumergirse en este mundo interior permite descubrir verdades olvidadas y sentir la sabiduría intuitiva que emerge desde las profundidades del psique. El agua refleja las verdades ocultas, invitando a explorar y comprender mejor las emociones dominantes que dan forma a la existencia diaria. Honrar la sensibilidad emocional como herramienta de autodescubrimiento y conexión es el llamado que surge desde las aguas de la intuición y la empatía.",es,0,89,3,92,0.0,[],"['sumergirse', 'dominantes', 'autodescubrimiento']"
23,"En el corazón de la tierra, donde la energía se enraíza y encuentra su expresión tangible, surge la Fuerza. Una fuerza primal y esencial que brota desde las profundidades, impulsando la vida hacia la superficie. Como una semilla que se abre paso entre la roca, la Fuerza emerge desde el centro de nuestro ser, reclamando su lugar en el mundo físico. Es la manifestación de nuestra voluntad, la expresión de nuestro espíritu en forma concreta y palpable. La Fuerza no es solo poderío, sino también resistencia y flexibilidad, adaptándose a las circunstancias para alcanzar su objetivo. En su danza con la vida, la Fuerza nos invita a reconocer nuestra conexión con la tierra, a honrar la energía que fluye a través de nosotros y a aceptar nuestra capacidad de transformar el mundo a nuestro alrededor. En este encuentro con la materia, encontramos la oportunidad de materializar nuestros sueños y de dar forma a nuestro propósito en el plano tangible. La Fuerza nos recuerda que somos parte de un todo mayor, y que nuestra energía puede fluir hacia la manifestación física, nutriendo y siendo nutridos por la tierra misma. En este espacio entre el espíritu y la materia, encontramos el poder de crear nuestro propio camino, de dar forma a nuestra realidad y de bailar con la energía de la vida en cada paso.",es,0,222,1,223,0.0,[],['adaptándose']
