Fila,Prompt,Idioma original,en,es,unknown,total,contamination,words,unknown_words
0,"The Emperor card, as a mirror, reflects the depths of your emotional world. It invites you to connect with your feelings and intuition, allowing you to understand your inner truths. Embrace your emotional sensitivity as a source of connection and self-discovery.",en,34,8,0,42,0.19,"['as', 'a', 'invites', 'to', 'to', 'embrace', 'as', 'a']",[]
1,The Temperance card in the context of Air symbolizes the need for balance in communication and thought. It invites the seeker to explore the power of their words and the impact they have on their perception of reality.,en,33,5,0,38,0.132,"['balance', 'invites', 'to', 'explore', 'reality']",[]
2,The Three of Wands is a symbol of growth and expansion. It represents the tangible results of your efforts and the fruits of your labor. This card invites you to reflect on the material aspects of your life and how you can nurture and sustain your resources. It may also suggest an opportunity to expand your horizons and explore new possibilities.,en,52,9,0,61,0.148,"['a', 'tangible', 'labor', 'invites', 'to', 'material', 'can', 'to', 'explore']",[]
3,"The Ten of Pentacles is a symbol of abundance and prosperity. It represents the tangible manifestation of our dreams and desires. This card invites us to reflect on the material aspects of our lives, including our resources, finances, and physical environment. It encourages us to cultivate a balanced and sustainable approach to our material world, aligning our spiritual aspirations with our daily practices. The Ten of Pentacles is a reminder that our beliefs and emotions can be transformed into tangible reality, offering us the opportunity to nurture and sustain our personal growth and fulfillment.",en,76,18,0,94,0.191,"['ten', 'a', 'tangible', 'invites', 'to', 'material', 'to', 'a', 'to', 'material', 'ten', 'a', 'can', 'be', 'tangible', 'reality', 'to', 'personal']",[]
4,"The Queen of Swords is a symbol of sharp intellect and clear vision. She represents the ability to see the truth in any situation and to use that knowledge to navigate the material world with confidence and wisdom. This card can also indicate a need for focus and determination in order to achieve stability and security in your physical environment. It may also suggest a time of intense creativity and productivity, where your ideas and emotions are transformed into tangible forms. The Queen of Swords can also represent a mentor or guide who offers guidance and support in your journey towards personal growth and fulfillment.",en,84,21,0,105,0.2,"['queen', 'a', 'to', 'to', 'use', 'to', 'material', 'can', 'a', 'to', 'a', 'time', 'intense', 'ideas', 'are', 'tangible', 'queen', 'can', 'a', 'mentor', 'personal']",[]
5,The Queen of Pentacles invites you to explore the depths of your emotional world. Embrace your feelings and intuition as a source of wisdom and connection.,en,19,7,0,26,0.269,"['queen', 'invites', 'to', 'explore', 'embrace', 'as', 'a']",[]
6,"The Ten of Cups is a symbol of the divine spark that ignites motivation and the desire to manifest one's will in the physical world. It represents the vital force that drives action and change, and the power to purify and reinvent oneself. It invites reflection on the authentic desires that motivate actions and how to align them with a higher purpose.",en,54,9,0,63,0.143,"['ten', 'a', 'divine', 'to', 'vital', 'to', 'invites', 'to', 'a']",[]
7,"The Four of Cups in the context of Earth invites you to explore the depths of your emotional and material resources. This card encourages you to seek fulfillment in the tangible aspects of your life, nurturing your body and your environment. It invites you to find balance in your relationship with the material world, allowing you to live in harmony with your spiritual aspirations.",en,52,12,0,64,0.188,"['invites', 'to', 'explore', 'material', 'to', 'tangible', 'body', 'invites', 'to', 'balance', 'material', 'to']",[]
8,"The Ten of Swords is a symbol of the power of the will. It represents the ability to focus and channel one's energy towards a specific goal. This card suggests that the individual has the power to manifest their desires and create change in their life. It is a reminder to tap into the inner strength and use it wisely. The Ten of Swords is a call to action, urging the seeker to take control of their destiny and make their dreams a reality.",en,68,17,0,85,0.2,"['ten', 'a', 'to', 'a', 'individual', 'has', 'to', 'a', 'to', 'use', 'ten', 'a', 'to', 'to', 'control', 'a', 'reality']",[]
9,The Ace of Cups in the context of Earth invites you to explore the emotional depths of your material world. It calls for a harmonious balance between your inner and outer landscapes.,en,26,6,0,32,0.188,"['invites', 'to', 'explore', 'material', 'a', 'balance']",[]
10,"The Page of Wands in the context of Water symbolizes the emotional depths of the psyche. It invites the seeker to explore their emotional world, connect with their feelings, and understand the impact of emotions on daily life.",en,35,3,0,38,0.079,"['invites', 'to', 'explore']",[]
11,"The Earth card invites you to explore the tangible aspects of your existence. It challenges you to find balance in your relationship with the material world, considering how your spiritual aspirations align with your daily practices.",en,29,7,0,36,0.194,"['invites', 'to', 'explore', 'tangible', 'to', 'balance', 'material']",[]
12,"El agua es el elemento que nos conecta con nuestras profundidades, revelando secretos internos y verdades olvidadas. Es un espejo que nos ayuda a entender nuestros sentimientos y a conectar con los demás a través de la empatía.",es,0,38,0,38,0.0,[],[]
13,"El Aire es el elemento que nos conecta con las fuerzas universales, facilitando la transmisión de ideas y la interacción social. Es el vehículo a través del cual las ideas divinas se materializan en la conciencia humana, promoviendo la claridad mental y la capacidad de discernimiento.",es,0,46,0,46,0.0,[],[]
14,"La Tierra es el punto final en el descenso del espíritu hacia la materia, donde las creencias y emociones se convierten en acciones y manifestaciones físicas. Es el elemento que nos ayuda a comprender cómo nuestras creencias y emociones se traducen en acciones y manifestaciones físicas. La Tierra representa la capacidad de sostener y nutrir la vida, proporcionando un terreno fértil para el crecimiento y la realización personal. La Tierra desafía al consultante a evaluar su relación con el dinero, la salud y el medio ambiente, promoviendo un enfoque equilibrado y sostenible que refleje sus valores más profundos.",es,0,98,0,98,0.0,[],[]
15,"La carta de Tierra es una representación de la materialización de nuestras creencias y emociones en formas concretas. Es el punto final en el descenso del espíritu hacia la materia, donde los conceptos se vuelven realidad tangible. La Tierra representa la solididad y la inmovilidad, pero también la capacidad de sostener y nutrir la vida, proporcionando un terreno fértil para el crecimiento y la realización personal. La carta de Tierra desafía al consultante a evaluar su relación con el dinero, la salud y el medio ambiente, promoviendo un enfoque equilibrado y sostenible que refleje sus valores más profundos.",es,0,97,1,98,0.0,[],['solididad']
16,"La Reina de Espadas es una figura de autoridad y control. Su presencia en el contexto de la Tierra significa que el control y la autoridad son elementos importantes en la manifestación de nuestras creencias y emociones en formas concretas. La Reina de Espadas es una figura de control y disciplina, y su presencia en el contexto de la Tierra significa que la disciplina y el control son elementos importantes en la gestión de nuestros recursos y la realización de nuestras aspiraciones espirituales. La Reina de Espadas es una figura de autoridad y control, y su presencia en el contexto de la Tierra significa que la disciplina y el control son elementos importantes en la gestión de nuestros recursos y la realización de nuestras aspiraciones espirituales.",es,0,126,0,126,0.0,[],[]
17,"La Reina de Oros es una carta de profundidad y emoción. Su presencia en el contexto de la carta de agua significa que las emociones profundas y las profundidades del subconsciente están en el centro de la lectura. La Reina de Oros es una carta de introspección y de conexión profunda con los sentimientos. Su presencia en la lectura sugiere que el buscador debe explorar sus emociones más profundas y profundizar en su conexión con su interior. La Reina de Oros es una carta de empatía y de comprensión, lo que hace que sea una carta de conexión y de comprensión profunda con los demás. Su presencia en la lectura sugiere que el buscador debe explorar sus emociones y sentimientos más profundos, y que debe conectarse más profundamente con su interior y con los demás. La Reina de Oros es una carta de profundidad y de conexión, y su presencia en la lectura sugiere que el buscador debe profundizar en su conexión con su interior y con los demás.",es,0,168,1,169,0.0,[],['conectarse']
18,"El Diez de Copas es una carta de Fuego que representa la energía vital y la voluntad. Su lectura simbólica y poética es la siguiente:

La carta de Fuego es una representación de la energía vital y la voluntad. Su lectura simbólica y poética es la siguiente:

La carta de Fuego es una representación de la energía vital y la voluntad. Su lectura simbólica y poética es la siguiente:

La carta de Fuego es una representación de la energía vital y la voluntad. Su lectura simbólica y poética es la siguiente:

La carta de Fuego es una representación de la energía vital y la voluntad. Su lectura simbólica y poética es la siguiente:

La carta de Fuego es una representación de la energía vital y la voluntad. Su lectura simbólica y poética es la siguiente:

La carta de Fuego es una representación de la energía vital y la voluntad. Su lectura simbólica y poética es la siguiente:

La carta de Fuego es una representación de la energía vital y la voluntad. Su lectura simbólica y poética es la siguiente:

La carta de Fuego es una representación de la energía vital y la voluntad. Su lectura simbólica y poética es la siguiente:

La carta de Fuego es una representación de la energía vital y la voluntad. Su lectura simbólica y poética es la siguiente:

La carta de Fuego es una representación de la energía vital y la voluntad. Su lectura simbólica y poética es la siguiente:

La carta de Fuego es una representación de la energía vital y la voluntad. Su lectura simbólica y poética es la siguiente:

La carta de Fuego es una representación de la energía vital y la voluntad. Su lectura simbólica y poética es la siguiente:

La carta de Fuego es una representación de la energía vital y la voluntad. Su lectura simbólica y poética es la siguiente:

La carta de Fuego es una representación de la energía vital y la voluntad. Su lectura simbólica y poética es la siguiente:

La carta de Fuego es una representación de la energía vital y la voluntad. Su lectura simbólica y poética es la siguiente:

La carta de Fuego es una representación de la energía vital y la voluntad. Su lectura simbólica y poética es la siguiente:

La carta de Fuego es una representación de la energía vital y la voluntad. Su lectura simbólica y poética es la siguiente:

La carta de Fuego es una representación de la energía vital y la voluntad. Su lectura simbólica y poética es la siguiente:

La carta de Fuego es una representación de la energía vital y la voluntad. Su lectura simbólica y poética es la siguiente:

La carta de Fuego es una representación de la energía vital y la voluntad. Su lectura simbólica y poética es la siguiente:

La carta de Fuego es una representación de la energía vital y la voluntad. Su lectura simbólica y poética es la siguiente:

La carta de Fuego es una representación de la energía vital y la voluntad. Su lectura simbólica y poética es la siguiente:

La carta de Fuego es una representación de la energía vital y la voluntad. Su lectura simbólica y poética es la siguiente:

La carta de Fuego es una representación de la energía vital y la voluntad. Su lectura simbólica y poética es la siguiente:

La carta de Fuego es una representación de la energía vital y la voluntad. Su lectura simbólica y poética es la siguiente:

La carta de Fuego es una representación de la energía vital y la voluntad. Su lectura simbólica y poética es la siguiente:

La carta de Fuego es una representación de la energía vital y la voluntad. Su lectura simbólica y poética es la siguiente:

La carta de Fuego es una representación de la energía vital y la voluntad. Su lectura simbólica y poética es la siguiente:

La carta de Fuego es una representación de la energía vital y la voluntad. Su lectura simbólica y poética es la siguiente:

La carta de Fuego es una representación de la energía vital y la voluntad. Su lectura simbólica y poética es la siguiente:

La carta de Fuego es una representación de la energía vital y la voluntad. Su lectura simbólica y poética es la siguiente:

La carta de Fuego es una representación de la energía vital y la voluntad. Su lectura simbólica y poética es la siguiente:

La carta de Fuego es una representación de la energía vital y la voluntad. Su lectura simbólica y poética es la siguiente:

La carta de Fuego es una representación de la energía vital y la voluntad. Su lectura simbólica y poética es la siguiente:

La carta de Fuego es una representación de la energía vital y la voluntad. Su lectura simbólica y poética es la siguiente:

La carta de Fuego es una representación de la energía vital y la voluntad. Su lectura simbólica y poética es la siguiente:

La carta de Fuego es una representación de la energía vital y la voluntad. Su lectura simbólica y poética es la siguiente:

La carta de Fuego es una representación de la energía vital y la voluntad. Su lectura simbólica y poética es la siguiente:

La carta de Fuego es una representación de la energía vital y la voluntad. Su lectura simbólica y poética es la siguiente:

La carta de Fuego es una representación de la energía vital y la voluntad. Su lectura simbólica y poética es la siguiente:

La carta de Fuego es una representación de la energía vital y la voluntad. Su lectura simbólica y poética es la siguiente:

La carta de Fuego es una representación de la energía vital y la voluntad. Su lectura simbólica y poética es la siguiente:

La carta de Fuego es una representación de la energía vital y la voluntad. Su lectura simbólica y poética es la siguiente:

La carta de Fuego es una representación de la energía vital y la voluntad. Su lectura simbólica y poética es la siguiente:

La carta de Fuego es una representación de la energía vital y la voluntad. Su lectura simbólica y poética es la siguiente:

La carta de Fuego es una representación de la energía vital y la voluntad. Su lectura simbólica y poética es la siguiente:

La carta de Fuego es una representación de la energía vital y la voluntad. Su lectura simbólica y poética es la siguiente:

La carta de Fuego es una representación de la energía vital y la voluntad. Su lectura simbólica y poética es la siguiente:

La carta de Fuego es una representación de la energía vital y la voluntad. Su lectura simbólica y poética es la siguiente:

La carta de Fuego es una representación de la energía vital y la voluntad. Su lectura simbólica y poética es la siguiente:

La carta de Fuego es una representación de la energía vital y la voluntad. Su lectura simbólica y poética es la siguiente:

La carta de Fuego es una representación de la energía vital y la voluntad. Su lectura simbólica y poética es la siguiente:

La carta de Fuego es una representación de la energía vital y la voluntad. Su lectura simbólica y poética es la siguiente:

La carta de Fuego es una representación de la energía vital y la voluntad. Su lectura simbólica y poética es la siguiente:

La carta de Fuego es una representación de la energía vital y la voluntad. Su lectura simbólica y poética es la siguiente:

La carta de Fuego es una representación de la energía vital y la voluntad. Su lectura simbólica y poética es la siguiente:

La carta de Fuego es una representación de la energía vital y la voluntad. Su lectura simbólica y poética es la siguiente:

La carta de Fuego es una representación de la energía vital y la voluntad. Su lectura simbólica y poética es la siguiente:

La carta de Fuego es una representación de la energía vital y la voluntad. Su lectura simbólica y poética es la siguiente:

La carta de Fuego es una representación de la energía vital y la voluntad. Su lectura simbólica y poética es la siguiente:

La carta de Fuego es una representación de la energía vital y la voluntad. Su lectura simbólica y poética es la siguiente:

La carta de Fuego es una representación de la energía vital y la voluntad. Su lectura simbólica y poética es la siguiente:

La carta de Fuego es una representación de la energía vital y la voluntad. Su lectura simbólica y poética es la siguiente:

La carta de Fuego es una representación de la energía vital y la voluntad. Su lectura simbólica y poética es la siguiente:

La carta de Fuego es una representación de la energía vital y la voluntad. Su lectura simbólica y poética es la siguiente:

La carta de Fuego es una representación de la energía vital y la voluntad. Su lectura simbólica y poética es la siguiente:

La carta de Fuego es una representación de la energía vital y la voluntad. Su lectura simbólica y poética es la siguiente:

La carta de Fuego es una representación de la energía vital y la voluntad. Su lectura simbólica y poética es la siguiente:

La carta de Fuego es una representación de la energía vital y la voluntad. Su lectura simbólica y poética es la siguiente:

La carta de Fuego es una representación de la energía vital y la voluntad. Su lectura simbólica y poética es la siguiente:

La carta de Fuego es una representación de la energía vital y la voluntad. Su lectura simbólica y poética es la siguiente:

La carta de Fuego es una representación de la energía vital y la voluntad. Su lectura simbólica y poética es la siguiente:

La carta de Fuego es una representación de la energía vital y la voluntad. Su lectura simbólica y poética es la siguiente:

La carta de Fuego es una representación de la energía vital y la voluntad. Su lectura simbólica y poética es la siguiente:

La carta de Fuego es una representación de la energía vital y la voluntad. Su lectura simbólica y poética es la siguiente:

La carta de Fuego es una representación de la energía vital y la voluntad. Su lectura simbólica y poética es la siguiente:

La carta de Fuego es una representación de la energía vital y la voluntad. Su lectura simbólica y poética es la siguiente:

La carta de Fuego es una representación de la energía vital y la voluntad. Su lectura simbólica y poética es la siguiente:

La carta de Fuego es una representación de la energía vital y la voluntad. Su lectura simbólica y poética es la siguiente:

La carta de Fuego es una representación de la energía vital y la voluntad. Su lectura simbólica y poética es la siguiente:

La carta de Fuego es una representación de la energía vital y la voluntad. Su lectura simbólica y poética es la siguiente:

La carta de Fuego es una representación de la energía vital y la voluntad. Su lectura simbólica y poética es la siguiente:

La carta de Fuego es una representación de la energía vital y la voluntad. Su lectura simbólica y poética es la siguiente:

La carta de Fuego es una representación de la energía vital y la voluntad. Su lectura simbólica y poética es la siguiente:

La carta de Fuego es una representación de la energía vital y la voluntad. Su lectura simbólica y poética es la siguiente:

La carta de Fuego es una representación de la energía vital y la voluntad. Su lectura simbólica y poética es la siguiente:

La carta de Fuego es una representación de la energía vital y la voluntad. Su lectura simbólica y poética es la siguiente:

La carta de Fuego es una representación de la energía vital y la voluntad. Su lectura simbólica y poética es la siguiente:

La carta de Fuego es una representación de la energía vital y la voluntad. Su lectura simbólica y poética es la siguiente:

La carta de Fuego es una representación de la energía vital y la voluntad. Su lectura simbólica y poética es la siguiente:

La carta de Fuego es una representación de la energía vital y la voluntad. Su lectura simbólica y poética es la siguiente:

La carta de Fuego es una representación de la energía vital y la voluntad. Su lectura simbólica y poética es la siguiente:

La carta de Fuego es una representación de la energía vital y la voluntad. Su lectura simbólica y poética es la siguiente:

La carta de Fuego es una representación de la energía vital y la voluntad. Su lectura simbólica y poética es la siguiente:

La carta de Fuego es una representación de la energía vital y la voluntad. Su lectura simbólica y poética es la siguiente:

La carta de Fuego es una representación de la energía vital y la voluntad. Su lectura simbólica y poética es la siguiente:

La carta de Fuego es una representación de la energía vital y la voluntad. Su lectura simbólica y poética es la siguiente:

La carta de Fuego es una representación de la energía vital y la voluntad. Su lectura simbólica y poética es la siguiente:

La carta de Fuego es una representación de la energía vital y la voluntad. Su lectura simbólica y poética es la siguiente:

La carta de Fuego es una representación de la energía vital y la voluntad. Su lectura simbólica y poética es la siguiente:

La carta de Fuego es una representación de la energía vital y la voluntad. Su lectura simbólica y poética es la siguiente:

La carta de Fuego es una representación de la energía vital y la voluntad. Su lectura simbólica y poética es la siguiente:

La carta de Fuego es una representación de la energía vital y la voluntad. Su lectura simbólica y poética es la siguiente:

La carta de Fuego es una representación de la energía vital y la voluntad. Su lectura simbólica y poética es la siguiente:

La carta de Fuego es una representación de la energía vital y la voluntad. Su lectura simbólica y poética es la siguiente:

La carta de Fuego es una representación de la energía vital y la voluntad. Su lectura simbólica y poética es la siguiente:

La carta de Fuego es una representación de la energía vital y la voluntad. Su lectura simbólica y poética es la siguiente:

La carta de Fuego es una representación de la energía vital y la voluntad. Su lectura simbólica y poética es la siguiente:

La carta de Fuego es una representación de la energía vital y la voluntad. Su lectura simbólica y poética es la siguiente:

La carta de Fuego es una representación de la energía vital y la voluntad. Su lectura simbólica y poética es la siguiente:

La carta de Fuego es una representación de la energía vital y la voluntad. Su lectura simbólica y poética es la siguiente:

La carta de Fuego es una representación de la energía vital y la voluntad. Su lectura simbólica y poética es la siguiente:

La carta de Fuego es una representación de la energía vital y la voluntad. Su lectura simbólica y poética es la siguiente:

La carta de Fuego es una representación de la energía vital y la voluntad. Su lectura simbólica y poética es la siguiente:

La carta de Fuego es una representación de la energía vital y la voluntad. Su lectura simbólica y poética es la siguiente:

La carta de Fuego es una representación de la energía vital y la voluntad. Su lectura simbólica y poética es la siguiente:

La carta de Fuego es una representación de la energía vital y la voluntad. Su lectura simbólica y poética es la siguiente:

La carta de Fuego es una representación de la energía vital y la voluntad. Su lectura simbólica y poética es la siguiente:

La carta de Fuego es una representación de la energía vital y la voluntad. Su lectura simbólica y poética es la siguiente:

La carta de Fuego es una representación de la energía vital y la voluntad. Su lectura simbólica y poética es la siguiente:

La carta de Fuego es una representación de la energía vital y la voluntad. Su lectura simbólica y poética es la siguiente:

La carta de Fuego es una representación de la energía vital y la voluntad. Su lectura simbólica y poética es la siguiente:

La carta de Fuego es una representación de la energía vital y la voluntad. Su lectura simbólica y poética es la siguiente:

La carta de Fuego es una representación de la energía vital y la voluntad. Su lectura simbólica y poética es la siguiente:

La carta de Fuego es una representación de la energía vital y la voluntad. Su lectura simbólica y poética es la siguiente:

La carta de Fuego es una representación de la energía vital y la voluntad. Su lectura simbólica y poética es la siguiente:

La carta de Fuego es una representación de la energía vital y la voluntad. Su lectura simbólica y poética es la siguiente:

La carta de Fuego es una representación de la energía vital y la voluntad. Su lectura simbólica y poética es la siguiente:

La carta de Fuego es una representación de la energía vital y la voluntad. Su lectura simbólica y poética es la siguiente:

La carta de Fuego es una representación de la energía vital y la voluntad. Su lectura simbólica y poética es la siguiente:

La carta de Fuego es una representación de la energía vital y la voluntad. Su lectura simbólica y poética es la siguiente:

La carta de Fuego es una representación de la energía vital y la voluntad. Su lectura simbólica y poética es la siguiente:

La carta de Fuego es una representación de la energía vital y la voluntad. Su lectura simbólica y poética es la siguiente:

La carta de Fuego es una representación de la energía vital y la voluntad. Su lectura simbólica y poética es la siguiente:

La carta de Fuego es una representación de la energía vital y la voluntad. Su lectura simbólica y poética es la siguiente:

La carta de Fuego es una representación de la energía vital y la voluntad. Su lectura simbólica y poética es la siguiente:

La carta de Fuego es una representación de la energía vital y la voluntad. Su lectura simbólica y poética es la siguiente:

La carta de Fuego es una representación de la energía vital y la voluntad. Su lectura simbólica y poética es la siguiente:

La carta de Fuego es una representación de la energía vital y la voluntad. Su lectura simbólica y poética es la siguiente:

La carta de Fuego es una representación de la energía vital y la voluntad. Su lectura simbólica y poética es la siguiente:

La carta de Fuego es una representación de la energía vital y la voluntad. Su lectura simbólica y poética es la siguiente:

La carta de Fuego es una representación de la energía vital y la voluntad. Su lectura simbólica y poética es la siguiente:

La carta de Fuego es una representación de la energía vital y la voluntad. Su lectura simbólica y poética es la siguiente:

La carta de Fuego es una representación de la energía vital y la voluntad. Su lectura simbólica y poética es la siguiente:

La carta de Fuego es una representación de la energía vital y la voluntad. Su lectura simbólica y poética es la siguiente:

La carta de Fuego es una representación de la energía vital y la voluntad. Su lectura simbólica y poética es la siguiente:

La carta de Fuego es una representación de la energía vital y la voluntad. Su lectura simbólica y poética es la siguiente:

La carta de Fuego es una representación de la energía vital y la voluntad. Su lectura simbólica y poética es la siguiente:

La carta de Fuego es una representación de la energía vital y la voluntad. Su lectura simbólica y poética es la siguiente:

La carta de Fuego es una representación de la energía vital y la voluntad. Su lectura simbólica y poética es la siguiente:

La carta de Fuego es una representación de la energía vital y la voluntad. Su lectura simbólica y poética es la siguiente:

La carta de Fuego es una representación de la energía vital y la voluntad. Su lectura simbólica y poética es la siguiente:

La carta de Fuego es una representación de la energía vital y la voluntad. Su lectura simbólica y poética es la siguiente:

La carta de Fuego es una representación de la energía vital y la voluntad. Su lectura simbólica y poética es la siguiente:

La carta de Fuego es una representación de la energía vital y la voluntad. Su lectura simbólica y poética es la siguiente:

La carta de Fuego es una representación de la energía vital y la voluntad. Su lectura simbólica y poética es la siguiente:

La carta de Fuego es una representación de la energía vital y la voluntad. Su lectura simbólica y poética es la siguiente:

La carta de Fuego es una representación de la energía vital y la voluntad. Su lectura simbólica y poética es la siguiente:

La carta de Fuego es una representación de la energía vital y la voluntad. Su lectura simbólica y poética es la siguiente:

La carta de Fuego es una representación de la energía vital y la voluntad. Su lectura simbólica y poética es la siguiente:

La carta de Fuego es una representación de la energía vital y la voluntad. Su lectura simbólica y poética es la siguiente:

La carta de Fuego es una representación de la energía vital y la voluntad. Su lectura simbólica y poética es la siguiente:

La carta de Fuego es una representación de la energía vital y la voluntad. Su lectura simbólica y poética es la siguiente:

La carta de Fuego es una representación de la energía vital y la voluntad. Su lectura simbólica y poética es la siguiente:

La carta de Fuego es una representación de la energía vital y la voluntad. Su lectura simbólica y poética es la siguiente:

La carta de Fuego es una representación de la energía vital y la voluntad. Su lectura simbólica y poética es la siguiente:

La carta de Fuego es una representación de la energía vital y la voluntad. Su lectura simbólica y poética es la siguiente:

La carta de Fuego es una representación de la energía vital y la voluntad. Su lectura simbólica y poética es la siguiente:

La carta de Fuego es una representación de la energía vital y la voluntad. Su lectura simbólica y poética es la siguiente:

La carta de Fuego es una representación de la energía vital y la voluntad. Su lectura simbólica y poética es la siguiente:

La carta de Fuego es una representación de la energía vital y la voluntad. Su lectura simbólica y poética es la siguiente:

La carta de Fuego es una representación de la energía vital y la voluntad. Su lectura simbólica y poética es la siguiente:

La carta de Fuego es una representación de la energía vital y la voluntad. Su lectura simbólica y poética es la siguiente:

La carta de Fuego es una representación de la energía vital y la voluntad. Su lectura simbólica y poética es la siguiente:

La carta de Fuego es una representación de la energía vital y la voluntad. Su lectura simbólica y poética es la siguiente:

La carta de Fuego es una representación de la energía vital y la voluntad. Su lectura simbólica y poética es la siguiente:

La carta de Fuego es una representación de la energía vital y la voluntad. Su lectura simbólica y poética es la siguiente:

La carta de Fuego es una representación de la energía vital y la voluntad. Su lectura simbólica y poética es la siguiente:

La carta de Fuego es una representación de la energía vital y la voluntad. Su lectura simbólica y poética es la siguiente:

La carta de Fuego es una representación de la energía vital y la voluntad. Su lectura simbólica y poética es la siguiente:

La carta de Fuego es una representación de la energía vital y la voluntad. Su lectura simbólica y poética es la siguiente:

La carta de Fuego es una representación de la energía vital y la voluntad. Su lectura simbólica y poética es la siguiente:

La carta de Fuego es una representación de la energía vital y la voluntad. Su lectura simbólica y poética es la siguiente:

La carta de Fuego es una representación de la energía vital y la voluntad. Su lectura simbólica y poética es la siguiente:

La carta de Fuego es una representación de la energía vital y la voluntad. Su lectura simbólica y poética es la siguiente:

La carta de Fuego es una representación de la energía vital y la voluntad. Su lectura simbólica y poética es la siguiente:

La carta de Fuego es una representación de la energía vital y la voluntad. Su lectura simbólica y poética es la siguiente:

La carta de Fuego es una representación de la energía vital y la voluntad. Su lectura simbólica y poética es la siguiente:

La carta de Fuego es una representación de la energía vital y la voluntad. Su lectura simbólica y poética es la siguiente:

La carta de Fuego es una representación de la energía vital y la voluntad. Su lectura simbólica y poética es la siguiente:

La carta de Fuego es una representación de la energía vital y la voluntad. Su lectura simbólica y poética es la siguiente:

La carta de Fuego es una representación de la energía vital y la voluntad. Su lectura simbólica y poética es la siguiente:

La carta de Fuego es una representación de la energía vital y la voluntad. Su lectura simbólica y poética es la siguiente:

La carta de Fuego es una representación de la energía vital y la voluntad. Su lectura simbólica y poética es la siguiente:

La carta de Fuego es una representación de la energía vital y la voluntad. Su lectura simbólica y poética es la siguiente:

La carta de Fuego es una representación de la energía vital y la voluntad. Su lectura simbólica y poética es la siguiente:

La carta de Fuego es una representación de la energía vital y la voluntad. Su lectura simbólica y poética es la siguiente:

La carta de Fuego es una representación de la energía vital y la voluntad. Su lectura simbólica y poética es la siguiente:

La carta de Fuego es una representación de la energía vital y la voluntad. Su lectura simbólica y poética es la siguiente:

La carta de Fuego es una representación de la energía vital y la voluntad. Su lectura simbólica y poética es la siguiente:

La carta de Fuego es una representación de la energía vital y la voluntad. Su lectura simbólica y poética es la siguiente:

La carta de Fuego es una representación de la energía vital y la voluntad. Su lectura simbólica y poética es la siguiente:

La carta de Fuego es una representación de la energía vital y la voluntad. Su lectura simbólica y poética es la siguiente:

La carta de Fuego es una representación de la energía vital y la voluntad. Su lectura simbólica y poética es la siguiente:

La carta de Fuego es una representación de la energía vital y la voluntad. Su lectura simbólica y poética es la siguiente:

La carta de Fuego es una representación de la energía vital y la voluntad. Su lectura simbólica y poética es la siguiente:

La carta de Fuego es una representación de la energía vital y la voluntad. Su lectura simbólica y poética es la siguiente:

La carta de Fuego es una representación de la energía vital y la voluntad. Su lectura simbólica y poética es la siguiente:

La carta de Fuego es una representación de la energía vital y la voluntad. Su lectura simbólica y poética es la siguiente:

La carta de Fuego es una representación de la energía vital y la voluntad. Su lectura simbólica y poética es la siguiente:

La carta de Fuego es una representación de la energía vital y la voluntad. Su lectura simbólica y poética es la siguiente:

La carta de Fuego es una representación de la energía vital y la voluntad. Su lectura simbólica y poética es la siguiente:

La carta de Fuego es una representación de la energía vital y la voluntad. Su lectura simbólica y poética es la siguiente:

La carta de Fuego es una representación de la energía vital y la voluntad. Su lectura simbólica y poética es la siguiente:

La carta de Fuego es una representación de la energía vital y la voluntad. Su lectura simbólica y poética es la siguiente:

La carta de Fuego es una representación de la energía vital y la voluntad. Su lectura simbólica y poética es la siguiente:

La carta de Fuego es una representación de la energía vital y la voluntad. Su lectura simbólica y poética es la siguiente:

La carta de Fuego es una representación de la energía vital y la voluntad. Su lectura simbólica y poética es la siguiente:

La carta de Fuego es una representación de la energía vital y la voluntad. Su lectura simbólica y poética es la siguiente:

La carta de Fuego es una representación de la energía vital y la voluntad. Su lectura simbólica y poética es la siguiente:

La carta de Fuego es una representación de la energía vital y la voluntad. Su lectura simbólica y poética es la siguiente:

La carta de Fuego es una representación de la energía vital y la voluntad. Su lectura simbólica y poética es la siguiente:

La carta de Fuego es una representación de la energía vital y la voluntad. Su lectura simbólica y poética es la siguiente:

La carta de Fuego es una representación de la energía vital y la voluntad. Su lectura simbólica y poética es la siguiente:

La carta de Fuego es una representación de la energía vital y la voluntad. Su lectura simbólica y poética es la siguiente:

La carta de Fuego es una representación de la energía vital y la voluntad. Su lectura simbólica y poética es la siguiente:

La carta de Fuego es una representación de la energía vital y la voluntad. Su lectura simbólica y poética es la siguiente:

La carta de Fuego es una representación de la energía vital y la voluntad. Su lectura simbólica y poética es la siguiente:

La carta de Fuego es una representación de la energía vital y la voluntad. Su lectura simbólica y poética es la siguiente:

La carta de Fuego es una representación de la energía vital y la voluntad. Su lectura simbólica y poética es la siguiente:

La carta de Fuego es una representación de la energía vital y la voluntad. Su lectura simbólica y poética es la siguiente:

La carta de Fuego es una representación de la energía vital y la voluntad. Su lectura simbólica y poética es la siguiente:

La carta de Fuego es una representación de la energía vital y la voluntad. Su lectura simbólica y poética es la siguiente:

La carta de Fuego es una representación de la energía vital y la voluntad. Su lectura simbólica y poética es la siguiente:

La carta de Fuego es una representación de la energía vital y la voluntad. Su lectura simbólica y poética es la siguiente:

La carta de Fuego es una representación de la energía vital y la voluntad. Su lectura simbólica y poética es la siguiente:

La carta de Fuego es una representación de la energía vital y la voluntad. Su lectura simbólica y poética es la siguiente:

La carta de Fuego es una representación de la energía vital y la voluntad. Su lectura simbólica y poética es la siguiente:

La carta de Fuego es una representación de la energía vital y la voluntad. Su lectura simbólica y poética es la siguiente:

La carta de Fuego es una representación de la energía vital y la voluntad. Su lectura simbólica y poética es la siguiente:

La carta de Fuego es una representación de la energía vital y la voluntad. Su lectura simbólica y poética es la siguiente:

La carta de Fuego es una representación de la energía vital y la voluntad. Su lectura simbólica y poética es la siguiente:

La carta de Fuego es una representación de la energía vital y la voluntad. Su lectura simbólica y poética es la siguiente:

La carta de Fuego es una representación de la energía vital y la voluntad. Su lectura simbólica y poética es la siguiente:

La carta de Fuego es una representación de la energía vital y la voluntad. Su lectura simbólica y poética es la siguiente:

La carta de Fuego es una representación de la energía vital y la voluntad. Su lectura simbólica y poética es la siguiente:

La carta de Fuego es una representación de la energía vital y la voluntad. Su lectura simbólica y poética es la siguiente:

La carta de Fuego es una representación de la energía vital y la voluntad. Su lectura simbólica y poética es la siguiente:

La carta de Fuego es una representación de la energía vital y la voluntad. Su lectura simbólica y poética es la siguiente:

La carta de Fuego es una representación de la energía vital y la voluntad. Su lectura simbólica y poética es la siguiente:

La carta de Fuego es una representación de la energía vital y la voluntad. Su lectura simbólica y poética es la siguiente:

La carta de Fuego es una representación de la energía vital y la voluntad. Su lectura simbólica y poética es la siguiente:

La carta de Fuego es una representación de la energía vital y la voluntad. Su lectura simbólica y poética es la siguiente:

La carta de Fuego es una representación de la energía vital y la voluntad. Su lectura simbólica y poética es la siguiente:

La carta de Fuego es una representación de la energía vital y la voluntad. Su lectura simbólica y poética es la siguiente:

La carta de Fuego es una representación de la energía vital y la voluntad. Su lectura simbólica y poética es la siguiente:

La carta de Fuego es una representación de la energía vital y la voluntad. Su lectura simbólica y poética es la siguiente:

La carta de Fuego es una representación de la energía vital y la voluntad. Su lectura simbólica y poética es la siguiente:

La carta de Fuego es una representación de la energía vital y la voluntad. Su lectura simbólica y poética es la siguiente:

La carta de Fuego es una representación de la energía vital y la voluntad. Su lectura simbólica y poética es la siguiente:

La carta de Fuego es una representación de la energía vital y la voluntad. Su lectura simbólica y poética es la siguiente:

La carta de Fuego es una representación de la energía vital y la voluntad. Su lectura simbólica y poética es la siguiente:

La carta de Fuego es una representación de la energía vital y la voluntad. Su lectura simbólica y poética es la siguiente:

La carta de Fuego es una representación de la energía vital y la voluntad. Su lectura simbólica y poética es la siguiente:

La carta de Fuego es una representación de la energía vital y la voluntad. Su lectura simbólica y poética es la siguiente:

La carta de Fuego es una representación de la energía vital y la voluntad. Su lectura simbólica y poética es la siguiente:

La carta de Fuego es una representación de la energía vital y la voluntad. Su lectura simbólica y poética es la siguiente:

La carta de Fuego es una representación de la energía vital y la voluntad. Su lectura simbólica y poética es la siguiente:

La carta de Fuego es una representación de la energía vital y la voluntad. Su lectura simbólica y poética es la siguiente:

La carta de Fuego es una representación de la energía vital y la voluntad. Su lectura simbólica y poética es la siguiente:

La carta de Fuego es una representación de la energía vital y la voluntad. Su lectura simbólica y poética es la siguiente:

La carta de Fuego es una representación de la energía vital y la voluntad. Su lectura simbólica y poética es la siguiente:

La carta de Fuego es una representación de la energía vital y la voluntad. Su lectura simbólica y poética es la siguiente:

La carta de Fuego es una representación de la energía vital y la voluntad. Su lectura simbólica y poética es la siguiente:

La carta de Fuego es una representación de la energía vital y la voluntad. Su lectura simbólica y poética es la siguiente:

La carta de Fuego es una representación de la energía vital y la voluntad. Su lectura simbólica y poética es la siguiente:

La carta de Fuego es una representación de la energía vital y la voluntad. Su lectura simbólica y poética es la siguiente:

La carta de Fuego es una representación de la energía vital y la voluntad. Su lectura simbólica y poética es la siguiente:

La carta de Fuego es una representación de la energía vital y la voluntad. Su lectura simbólica y poética es la siguiente:

La carta de Fuego es una representación de la energía vital y la voluntad. Su lectura simbólica y poética es la siguiente:

La carta de Fuego es una representación de la energía vital y la voluntad. Su lectura simbólica y poética es la siguiente:

La carta de Fuego es una representación de la energía vital y la voluntad. Su lectura simbólica y poética es la siguiente:

La carta de Fuego es una representación de la energía vital y la voluntad. Su lectura simbólica y poética es la siguiente:

La carta de Fuego es una representación de la energía vital y la voluntad. Su lectura simbólica y poética es la siguiente:

La carta de Fuego es una representación de la energía vital y la voluntad. Su lectura simbólica y poética es la siguiente:

La carta de Fuego es una representación de la energía vital y la voluntad. Su lectura simbólica y poética es la siguiente:

La carta de Fuego es una representación de la energía vital y la voluntad. Su lectura simbólica y poética es la siguiente:

La carta de Fuego es una representación de la energía vital y la voluntad. Su lectura simbólica y poética es la siguiente:

La carta de Fuego es una representación de la energía vital y la voluntad. Su lectura simbólica y poética es la siguiente:

La carta de Fuego es una representación de la energía vital y la voluntad. Su lectura simbólica y poética es la siguiente:

La carta de Fuego es una representación de la energía vital y la voluntad. Su lectura simbólica y poética es la siguiente:

La carta de Fuego es una representación de la energía vital y la voluntad. Su lectura simbólica y poética es la siguiente:

La carta de Fuego es una representación de la energía vital y la voluntad. Su lectura simbólica y poética es la siguiente:

La carta de Fuego es una representación de la energía vital y la voluntad. Su lectura simbólica y poética es la siguiente:

La carta de Fuego es una representación de la energía vital y la voluntad. Su lectura simbólica y poética es la siguiente:

La carta de Fuego es una representación de la energía vital y la voluntad. Su lectura simbólica y poética es la siguiente:

La carta de Fuego es una representación de la energía vital y la voluntad. Su lectura simbólica y poética es la siguiente:

La carta de Fuego es una representación de la energía vital y la voluntad. Su lectura simbólica y poética es la siguiente:

La carta de Fuego es una representación de la energía vital y la voluntad. Su lectura simbólica y poética es la siguiente:

La carta de Fuego es una representación de la energía vital y la voluntad. Su lectura simbólica y poética es la siguiente:

La carta de Fuego es una representación de la energía vital y la voluntad. Su lectura simbólica y poética es la siguiente:

La carta de Fuego es una representación de la energía vital y la voluntad. Su lectura simbólica y poética es la siguiente:

La carta de Fuego es una representación de la energía vital y la voluntad. Su lectura simbólica y poética es la siguiente:

La carta de Fuego es una representación de la energía vital y la voluntad. Su lectura simbólica y poética es la siguiente:

La carta de Fuego es una representación de la energía vital y la voluntad. Su lectura simbólica y poética es la siguiente:

La carta de Fuego es una representación de la energía vital y la voluntad. Su lectura simbólica y poética es la siguiente:

La carta de Fuego es una representación de la energía vital y la voluntad. Su lectura simbólica y poética es la siguiente:

La carta de Fuego es una representación de la energía vital y la voluntad. Su lectura simbólica y poética es la siguiente:

La carta de Fuego es una representación de la energía vital y la voluntad. Su lectura simbólica y poética es la siguiente:

La carta de Fuego es una representación de la energía vital y la voluntad. Su lectura simbólica y poética es la siguiente:

La carta de Fuego es una representación de la energía vital y la voluntad. Su lectura simbólica y poética es la siguiente:

La carta de Fuego es una representación de la energía vital y la voluntad. Su lectura simbólica y poética es la siguiente:

La carta de Fuego es una representación de la energía vital y la voluntad. Su lectura simbólica y poética es la siguiente:

La carta de Fuego es una representación de la energía vital y la voluntad. Su lectura simbólica y poética es la siguiente:

La carta de Fuego es una representación de la energía vital y la voluntad. Su lectura simbólica y poética es la siguiente:

La carta de Fuego es una representación de la energía vital y la voluntad. Su lectura simbólica y poética es la siguiente:

La carta de Fuego es una representación de la energía vital y la voluntad. Su lectura simbólica y poética es la siguiente:

La carta de Fuego es una representación de la energía vital y la voluntad. Su lectura simbólica y poética es la siguiente:

La carta de Fuego es una representación de la energía vital y la voluntad. Su lectura simbólica y poética es la siguiente:

La carta de Fuego es una representación de la energía vital y la voluntad. Su lectura simbólica y poética es la siguiente:

La carta de Fuego es una representación de la energía vital y la voluntad. Su lectura simbólica y poética es la siguiente:

La carta de Fuego es una representación de la energía vital y la voluntad. Su lectura simbólica y poética es la siguiente:

La carta de Fuego es una representación de la energía vital y la voluntad. Su lectura simbólica y poética es la siguiente:

La carta de Fuego es una representación de la energía vital y la voluntad. Su lectura simbólica y poética es la siguiente:

La carta de Fuego es una representación de la energía vital y la voluntad. Su lectura simbólica y poética es la siguiente:

La carta de Fuego es una representación de la energía vital y la voluntad. Su lectura simbólica y poética es la siguiente:

La carta de Fuego es una representación de la energía vital y la voluntad. Su lectura simbólica y poética es la siguiente:

La carta de Fuego es una representación de la energía vital y la voluntad. Su lectura simbólica y poética es la siguiente:

La carta de Fuego es una representación de la energía vital y la voluntad. Su lectura simbólica y poética es la siguiente:

La carta de Fuego es una representación de la energía vital y la voluntad. Su lectura simbólica y poética es la siguiente:

La carta de Fuego es una representación de la energía vital y la voluntad. Su lectura simbólica y poética es la siguiente:

La carta de Fuego es una representación de la energía vital y la voluntad. Su lectura simbólica y poética es la siguiente:

La carta de Fuego es una representación de la energía vital y la voluntad. Su lectura simbólica y poética es la siguiente:

La carta de Fuego es una representación de la energía vital y la voluntad. Su lectura simbólica y poética es la siguiente:

La carta de Fuego es una representación de la energía vital y la voluntad. Su lectura simbólica y poética es la siguiente:

La carta de Fuego es una representación de la energía vital y la voluntad. Su lectura simbólica y poética es la siguiente:

La carta de Fuego es una representación de la energía vital y la voluntad. Su lectura simbólica y poética es la siguiente:

La carta de Fuego es una representación de la energía vital y la voluntad. Su lectura simbólica y poética es la siguiente:

La carta de Fuego es una representación de la energía vital y la voluntad. Su lectura simbólica y poética es la siguiente:

La carta de Fuego es una representación de la energía vital y la voluntad. Su lectura simbólica y poética es la siguiente:

La carta de Fuego es una representación de la energía vital y la voluntad. Su lectura simbólica y poética es la siguiente:

La carta de Fuego es una representación de la energía vital y la voluntad. Su lectura simbólica y poética es la siguiente:

La carta de Fuego es una representación de la energía vital y la voluntad. Su lectura simbólica y poética es la siguiente:

La carta de Fuego es una representación de la energía vital y la voluntad. Su lectura simbólica y poética es la siguiente:

La carta de Fuego es una representación de la energía vital y la voluntad. Su lectura simbólica y poética es la siguiente:

La carta de Fuego es una representación de la energía vital y la voluntad. Su lectura simbólica y poética es la siguiente:

La carta de Fuego es una representación de la energía vital y la voluntad. Su lectura simbólica y poética es la siguiente:

La carta de Fuego es una representación de la energía vital y la voluntad. Su lectura simbólica y poética es la siguiente:

La carta de Fuego es una representación de la energía vital y la voluntad. Su lectura simbólica y poética es la siguiente:

La carta de Fuego es una representación de la energía vital y la voluntad. Su lectura simbólica y poética es la siguiente:

La carta de Fuego es una representación de la energía vital y la voluntad. Su lectura simbólica y poética es la siguiente:

La carta de Fuego es una representación de la energía vital y la voluntad. Su lectura simbólica y poética es la siguiente:

La carta de Fuego es una representación de la energía vital y la voluntad. Su lectura simbólica y poética es la siguiente:

La carta de Fuego es una representación de la energía vital y la voluntad. Su lectura simbólica y poética es la siguiente:

La carta de Fuego es una representación de la energía vital y la voluntad. Su lectura simbólica y poética es la siguiente:

La carta de Fuego es una representación de la energía vital y la voluntad. Su lectura simbólica y poética es la siguiente:

La carta de Fuego es una representación de la energía vital y la voluntad. Su lectura simbólica y poética es la siguiente:

La carta de Fuego es una representación de la energía vital y la voluntad. Su lectura simbólica y poética es la siguiente:

La carta de Fuego es una representación de la energía vital y la voluntad. Su lectura simbólica y poética es la siguiente:

La carta de Fuego es una representación de la energía vital y la voluntad. Su lectura simbólica y poética es la siguiente:

La carta de Fuego es una representación de la energía vital y la voluntad. Su lectura simbólica y poética es la siguiente:

La carta de Fuego es una representación de la energía vital y la voluntad. Su lectura simbólica y poética es la siguiente:

La carta de Fuego es una representación de la energía vital y la voluntad. Su lectura simbólica y poética es la siguiente:

La carta de Fuego es una representación de la energía vital y la voluntad. Su lectura simbólica y poética es la siguiente:

La carta de Fuego es una representación de la energía vital y la voluntad. Su lectura simbólica y poética es la siguiente:

La carta de Fuego es una representación de la energía vital y la voluntad. Su lectura simbólica y poética es la siguiente:

La carta de Fuego es una representación de la energía vital y la voluntad. Su lectura simbólica y poética es la siguiente:

La carta de Fuego es una representación de la energía vital y la voluntad. Su lectura simbólica y poética es la siguiente:

La carta de Fuego es una representación de la energía vital y la voluntad. Su lectura simbólica y poética es la siguiente:

La carta de Fuego es una representación de la energía vital y la voluntad. Su lectura simbólica y poética es la siguiente:

La carta de Fuego es una representación de la energía vital y la voluntad. Su lectura simbólica y poética es la siguiente:

La carta de Fuego es una representación de la energía vital y la voluntad. Su lectura simbólica y poética es la siguiente:

La carta de Fuego es una representación de la energía vital y la voluntad. Su lectura simbólica y poética es la siguiente:

La carta de Fuego es una representación de la energía vital y la voluntad. Su lectura simbólica y poética es la siguiente:

La carta de Fuego es una representación de la energía vital y la voluntad. Su lectura simbólica y poética es la siguiente:

La carta de Fuego es una representación de la energía vital y la voluntad. Su lectura simbólica y poética es la siguiente:

La carta de Fuego es una representación de la energía vital y la voluntad. Su lectura simbólica y poética es la siguiente:

La carta de Fuego es una representación de la energía vital y la voluntad. Su lectura simbólica y poética es la siguiente:

La carta de Fuego es una representación de la energía vital y la voluntad. Su lectura simbólica y poética es la siguiente:

La carta de Fuego es una representación de la energía vital y la voluntad. Su lectura simbólica y poética es la siguiente:

La carta de Fuego es una representación de la energía vital y la voluntad. Su lectura simbólica y poética es la siguiente:

La carta de Fuego es una representación de la energía vital y la voluntad. Su lectura simbólica y poética es la siguiente:

La carta de Fuego es una representación de la energía vital y la voluntad. Su lectura simbólica y poética es la siguiente:

La carta de Fuego es una representación de la energía vital y la voluntad. Su lectura simbólica y poética es la siguiente:

La carta de Fuego es una representación de la energía vital y la voluntad. Su lectura simbólica y poética es la siguiente:

La carta de Fuego es una representación de la energía vital y la voluntad. Su lectura simbólica y poética es la siguiente:

La carta de Fuego es una representación de la energía vital y la voluntad. Su lectura simbólica y poética es la siguiente:

La carta de Fuego es una representación de la energía vital y la voluntad. Su lectura simbólica y poética es la siguiente:

La carta de Fuego es una representación de la energía vital y la voluntad. Su lectura simbólica y poética es la siguiente:

La carta de Fuego es una representación de la energía vital y la voluntad. Su lectura simbólica y poética es la siguiente:

La carta de Fuego es una representación de la energía vital y la voluntad. Su lectura simbólica y poética es la siguiente:

La carta de Fuego es una representación de la energía vital y la voluntad. Su lectura simbólica y poética es la siguiente:

La carta de Fuego es una representación de la energía vital y la voluntad. Su lectura simbólica y poética es la siguiente:

La carta de Fuego es una representación de la energía vital y la voluntad. Su lectura simbólica y poética es la siguiente:

La carta de Fuego es una representación de la energía vital y la voluntad. Su lectura simbólica y poética es la siguiente:

La carta de Fuego es una representación de la energía vital y la voluntad. Su lectura simbólica y poética es la siguiente:

La carta de Fuego es una representación de la energía vital y la voluntad. Su lectura simbólica y poética es la siguiente:

La carta de Fuego es una representación de la energía vital y la voluntad. Su lectura simbólica y poética es la siguiente:

La carta de Fuego es una representación de la energía vital y la voluntad. Su lectura simbólica y poética es la siguiente:

La carta de Fuego es una representación de la energía vital y la voluntad. Su lectura simbólica y poética es la siguiente:

La carta de Fuego es una representación de la energía vital y la voluntad. Su lectura simbólica y poética es la siguiente:

La carta de Fuego es una representación de la energía vital y la voluntad. Su lectura simbólica y poética es la siguiente:

La carta de Fuego es una representación de la energía vital y la voluntad. Su lectura simbólica y poética es la siguiente:

La carta de Fuego es una representación de la energía vital y la voluntad. Su lectura simbólica y poética es la siguiente:

La carta de Fuego es una representación de la energía vital y la voluntad. Su lectura simbólica y poética es la siguiente:

La carta de Fuego es una representación de la energía vital y la voluntad. Su lectura simbólica y poética es la siguiente:

La carta de Fuego es una representación de la energía vital y la voluntad. Su lectura simbólica y poética es la siguiente:

La carta de Fuego es una representación de la energía vital y la voluntad. Su lectura simbólica y poética es la siguiente:

La carta de Fuego es una representación de la energía vital y la voluntad. Su lectura simbólica y poética es la siguiente:

La carta de Fuego es una representación de la energía vital y la voluntad. Su lectura simbólica y poética es la siguiente:

La carta de Fuego es una representación de la energía vital y la voluntad. Su lectura simbólica y poética es la siguiente:

La carta de Fuego es una representación de la energía vital y la voluntad. Su lectura simbólica y poética es la siguiente:

La carta de Fuego es una representación de la energía vital y la voluntad. Su lectura simbólica y poética es la siguiente:

La carta de Fuego es una representación de la energía vital y la voluntad. Su lectura simbólica y poética es la siguiente:

La carta de Fuego es una representación de la energía vital y la voluntad. Su lectura simbólica y poética es la siguiente:

La carta de Fuego es una representación de la energía vital y la voluntad. Su lectura simbólica y poética es la siguiente:

La carta de Fuego es una representación de la energía vital y la voluntad. Su lectura simbólica y poética es la siguiente:

La carta de Fuego es una representación de la energía vital y la voluntad. Su lectura simbólica y poética es la siguiente:

La carta de Fuego es una representación de la energía vital y la voluntad. Su lectura simbólica y poética es la siguiente:

La carta de Fuego es una representación de la energía vital y la voluntad. Su lectura simbólica y poética es la siguiente:

La carta de Fuego es una representación de la energía vital y la voluntad. Su lectura simbólica y poética es la siguiente:

La carta de Fuego es una representación de la energía vital y la voluntad. Su lectura simbólica y poética es la siguiente:

La carta de Fuego es una representación de la energía vital y la voluntad. Su lectura simbólica y poética es la siguiente:

La carta de Fuego es una representación de la energía vital y la voluntad. Su lectura simbólica y poética es la siguiente:

La carta de Fuego es una representación de la energía vital y la voluntad. Su lectura simbólica y poética es la siguiente:

La carta de Fuego es una representación de la energía vital y la voluntad. Su lectura simbólica y poética es la siguiente:

La carta de Fuego es una representación de la energía vital y la voluntad. Su lectura simbólica y poética es la siguiente:

La carta de Fuego es una representación de la energía vital y la voluntad. Su lectura simbólica y poética es la siguiente:

La carta de Fuego es una representación de la energía vital y la voluntad. Su lectura simbólica y poética es la siguiente:

La carta de Fuego es una representación de la energía vital y la voluntad. Su lectura simbólica y poética es la siguiente:

La carta de Fuego es una representación de la energía vital y la voluntad. Su lectura simbólica y poética es la siguiente:

La carta de Fuego es una representación de la energía vital y la voluntad. Su lectura simbólica y poética es la siguiente:

La carta de Fuego es una representación de la energía vital y la voluntad. Su lectura simbólica y poética es la siguiente:

La carta de Fuego es una representación de la energía vital y la voluntad. Su lectura simbólica y poética es la siguiente:

La carta de Fuego es una representación de la energía vital y la voluntad. Su lectura simbólica y poética es la siguiente:

La carta de Fuego es una representación de la energía vital y la voluntad. Su lectura simbólica y poética es la siguiente:

La carta de Fuego es una representación de la energía vital y la voluntad. Su lectura simbólica y poética es la siguiente:

La carta de Fuego es una representación de la energía vital y la voluntad. Su lectura simbólica y poética es la siguiente:

La carta de Fuego es una representación de la energía vital y la voluntad. Su lectura simbólica y poética es la siguiente:

La carta de Fuego es una representación de la energía vital y la voluntad. Su lectura simbólica y poética es la siguiente:

La carta de Fuego es una representación de la energía vital y la voluntad. Su lectura simbólica y poética es la siguiente:

La carta de Fuego es una representación de la energía vital y la voluntad. Su lectura simbólica y poética es la siguiente:

La carta de Fuego es una representación de la energía vital y la voluntad. Su lectura simbólica y poética es la siguiente:

La carta de Fuego es una representación de la energía vital y la voluntad. Su lectura simbólica y poética es la siguiente:

La carta de Fuego es una representación de la energía vital y la voluntad. Su lectura simbólica y poética es la siguiente:

La carta de Fuego es una representación de la energía vital y la voluntad. Su lectura simbólica y poética es la siguiente:

La carta de Fuego es una representación de la energía vital y la voluntad. Su lectura simbólica y poética es la siguiente:

La carta de Fuego es una representación de la energía vital y la voluntad. Su lectura simbólica y poética es la siguiente:

La carta de Fuego es una representación de la energía vital y la voluntad. Su lectura simbólica y poética es la siguiente:

La carta de Fuego es una representación de la energía vital y la voluntad. Su lectura simbólica y poética es la siguiente:

La carta de Fuego es una representación de la energía vital y la voluntad. Su lectura simbólica y poética es la siguiente:

La carta de Fuego es una representación de la energía vital y la voluntad. Su lectura simbólica y poética es la siguiente:

La carta de Fuego es una representación de la energía vital y la voluntad. Su lectura simbólica y poética es la siguiente:

La carta de Fuego es una representación de la energía vital y la voluntad. Su lectura simbólica y poética es la siguiente:

La carta de Fuego es una representación de la energía vital y la voluntad. Su lectura simbólica y poética es la siguiente:

La carta de Fuego es una representación de la energía vital y la voluntad. Su lectura simbólica y poética es la siguiente:

La carta de Fuego es una representación de la energía vital y la voluntad. Su lectura simbólica y poética es la siguiente:

La carta de Fuego es una representación de la energía vital y la voluntad. Su lectura simbólica y poética es la siguiente:

La carta de Fuego es una representación de la energía vital y la voluntad. Su lectura simbólica y poética es la siguiente:

La carta de Fuego es una representación de la energía vital y la voluntad. Su lectura simbólica y poética es la siguiente:

La carta de Fuego es una representación de la energía vital y la voluntad. Su lectura simbólica y poética es la siguiente:

La carta de Fuego es una representación de la energía vital y la voluntad. Su lectura simbólica y poética es la siguiente:

La carta de Fuego es una representación de la energía vital y la voluntad. Su lectura simbólica y poética es la siguiente:

La carta de Fuego es una representación de la energía vital y la voluntad. Su lectura simbólica y poética es la siguiente:

La carta de Fuego es una representación de la energía vital y la voluntad. Su lectura simbólica y poética es la siguiente:

La carta de Fuego es una representación de la energía vital y la voluntad. Su lectura simbólica y poética es la siguiente:

La carta de Fuego es una representación de la energía vital y la voluntad. Su lectura simbólica y poética es la siguiente:

La carta de Fuego es una representación de la energía vital y la voluntad. Su lectura simbólica y poética es la siguiente:

La carta de Fuego es una representación de la energía vital y la voluntad. Su lectura simbólica y poética es la siguiente:

La carta de Fuego es una representación de la energía vital y la voluntad. Su lectura simbólica y poética es la siguiente:

La carta de Fuego es una representación de la energía vital y la voluntad. Su lectura simbólica y poética es la siguiente:

La carta de Fuego es una representación de la energía vital y la voluntad. Su lectura simbólica y poética es la siguiente:

La carta de Fuego es una representación de la energía vital y la voluntad. Su lectura simbólica y poética es la siguiente:

La carta de Fuego es una representación de la energía vital y la voluntad. Su lectura simbólica y poética es la siguiente:

La carta de Fuego es una representación de la energía vital y la voluntad. Su lectura simbólica y poética es la siguiente:

La carta de Fuego es una representación de la energía vital y la voluntad. Su lectura simbólica y poética es la siguiente:

La carta de Fuego es una representación de la energía vital y la voluntad. Su lectura simbólica y poética es la siguiente:

La carta de Fuego es una representación de la energía vital y la voluntad. Su lectura simbólica y poética es la siguiente:

La carta de Fuego es una representación de la energía vital y la voluntad. Su lectura simbólica y poética es la siguiente:

La carta de Fuego es una representación de la energía vital y la voluntad. Su lectura simbólica y poética es la siguiente:

La carta de Fuego es una representación de la energía vital y la voluntad. Su lectura simbólica y poética es la siguiente:

La carta de Fuego es una representación de la energía vital y la voluntad. Su lectura simbólica y poética es la siguiente:

La carta de Fuego es una representación de la energía vital y la voluntad. Su lectura simbólica y poética es la siguiente:

La carta de Fuego es una representación de la energía vital y la voluntad. Su lectura simbólica y poética es la siguiente:

La carta de Fuego es una representación de la energía vital y la voluntad. Su lectura simbólica y poética es la siguiente:

La carta de Fuego es una representación de la energía vital y la voluntad. Su lectura simbólica y poética es la siguiente:

La carta de Fuego es una representación de la energía vital y la voluntad. Su lectura simbólica y poética es la siguiente:

La carta de Fuego es una representación de la energía vital y la voluntad. Su lectura simbólica y poética es la siguiente:

La carta de Fuego es una representación de la energía vital y la voluntad. Su lectura simbólica y poética es la siguiente:

La carta de Fuego es una representación de la energía vital y la voluntad. Su lectura simbólica y poética es la siguiente:

La carta de Fuego es una representación de la energía vital y la voluntad. Su lectura simbólica y poética es la siguiente:

La carta de Fuego es una representación de la energía vital y la voluntad. Su lectura simbólica y poética es la siguiente:

La carta de Fuego es una representación de la energía vital y la voluntad. Su lectura simbólica y poética es la siguiente:

La carta de Fuego es una representación de la energía vital y la voluntad. Su lectura simbólica y poética es la siguiente:

La carta de Fuego es una representación de la energía vital y la voluntad. Su lectura simbólica y poética es la siguiente:

La carta de Fuego es una representación de la energía vital y la voluntad. Su lectura simbólica y poética es la siguiente:

La carta de Fuego es una representación de la energía vital y la voluntad. Su lectura simbólica y poética es la siguiente:

La carta de Fuego es una representación de la energía vital y la voluntad. Su lectura simbólica y poética es la siguiente:

La carta de Fuego es una representación de la energía vital y la voluntad. Su lectura simbólica y poética es la siguiente:

La carta de Fuego es una representación de la energía vital y la voluntad. Su lectura simbólica y poética es la siguiente:

La carta de Fuego es una representación de la energía vital y la voluntad. Su lectura simbólica y poética es la siguiente:

La carta de Fuego es una representación de la energía vital y la voluntad. Su lectura simbólica y poética es la siguiente:

La carta de Fuego es una representación de la energía vital y la voluntad. Su lectura simbólica y poética es la siguiente:

La carta de Fuego es una representación de la energía vital y la voluntad. Su lectura simbólica y poética es la siguiente:

La carta de Fuego es una representación de la energía vital y la voluntad. Su lectura simbólica y poética es la siguiente:

La carta de Fuego es una representación de la energía vital y la voluntad. Su lectura simbólica y poética es la siguiente:

La carta de Fuego es una representación de la energía vital y la voluntad. Su lectura simbólica y poética es la siguiente:

La carta de Fuego es una representación de la energía vital y la voluntad. Su lectura simbólica y poética es la siguiente:

La carta de Fuego es una representación de la energía vital y la voluntad. Su lectura simbólica y poética es la siguiente:

La carta de Fuego es una representación de la energía vital y la voluntad. Su lectura simbólica y poética es la siguiente:

La carta de Fuego es una representación de la energía vital y la voluntad. Su lectura simbólica y poética es la siguiente:

La carta de Fuego es una representación de la energía vital y la voluntad. Su lectura simbólica y poética es la siguiente:

La carta de Fuego es una representación de la energía vital y la voluntad. Su lectura simbólica y poética es la siguiente:

La carta de Fuego es una representación de la energía vital y la voluntad. Su lectura simbólica y poética es la siguiente:

La carta de Fuego es una representación de la energía vital y la voluntad. Su lectura simbólica y poética es la siguiente:

La carta de Fuego es una representación de la energía vital y la voluntad. Su lectura simbólica y poética es la siguiente:

La carta de Fuego es una representación de la energía vital y la voluntad. Su lectura simbólica y poética es la siguiente:

La carta de Fuego es una representación de la energía vital y la voluntad. Su lectura simbólica y poética es la siguiente:

La carta de Fuego es una representación de la energía vital y la voluntad. Su lectura simbólica y poética es la siguiente:

La carta de Fuego es una representación de la energía vital y la voluntad. Su lectura simbólica y poética es la siguiente:

La carta de Fuego es una representación de la energía vital y la voluntad. Su lectura simbólica y poética es la siguiente:

La carta de Fuego es una representación de la energía vital y la voluntad. Su lectura simbólica y poética es la siguiente:

La carta de Fuego es una representación de la energía vital y la voluntad. Su lectura simbólica y poética es la siguiente:

La carta de Fuego es una representación de la energía vital y la voluntad. Su lectura simbólica y poética es la siguiente:

La carta de Fuego es una representación de la energía vital y la voluntad. Su lectura simbólica y poética es la siguiente:

La carta de Fuego es una representación de la energía vital y la voluntad. Su lectura simbólica y poética es la siguiente:

La carta de Fuego es una representación de la energía vital y la voluntad. Su lectura simbólica y poética es la siguiente:

La carta de Fuego es una representación de la energía vital y la voluntad. Su lectura simbólica y poética es la siguiente:

La carta de Fuego es una representación de la energía vital y la voluntad. Su lectura simbólica y poética es la siguiente:

La carta de Fuego es una representación de la energía vital y la voluntad. Su lectura simbólica y poética es la siguiente:

La carta de Fuego es una representación de la energía vital y la voluntad. Su lectura simbólica y poética es la siguiente:

La carta de Fuego es una representación de la energía vital y la voluntad. Su lectura simbólica y poética es la siguiente:

La carta de Fuego es una representación de la energía vital y la voluntad. Su lectura simbólica y poética es la siguiente:

La carta de Fuego es una representación de la energía vital y la voluntad. Su lectura simbólica y poética es la siguiente:

La carta de Fuego es una representación de la energía vital y la voluntad. Su lectura simbólica y poética es la siguiente:

La carta de Fuego es una representación de la energía vital y la voluntad. Su lectura simbólica y poética es la siguiente:

La carta de Fuego es una representación de la energía vital y la voluntad. Su lectura simbólica y poética es la siguiente:

La carta de Fuego es una representación de la energía vital y la voluntad. Su lectura simbólica y poética es la siguiente:

La carta de Fuego es una representación de la energía vital y la voluntad. Su lectura simbólica y poética es la siguiente:

La carta de Fuego es una representación de la energía vital y la voluntad. Su lectura simbólica y poética es la siguiente:

La carta de Fuego es una representación de la energía vital y la voluntad. Su lectura simbólica y poética es la siguiente:

La carta de Fuego es una representación de la energía vital y la voluntad. Su lectura simbólica y poética es la siguiente:

La carta de Fuego es una representación de la energía vital y la voluntad. Su lectura simbólica y poética es la siguiente:

La carta de Fuego es una representación de la energía vital y la voluntad. Su lectura simbólica y poética es la siguiente:

La carta de Fuego es una representación de la energía vital y la voluntad. Su lectura simbólica y poética es la siguiente:

La carta de Fuego es una representación de la energía vital y la voluntad. Su lectura simbólica y poética es la siguiente:

La carta de Fuego es una representación de la energía vital y la voluntad. Su lectura simbólica y poética es la siguiente:

La carta de Fuego es una representación de la energía vital y la voluntad. Su lectura simbólica y poética es la siguiente:

La carta de Fuego es una representación de la energía vital y la voluntad. Su lectura simbólica y poética es la siguiente:

La carta de Fuego es una representación de la energía vital y la voluntad. Su lectura simbólica y poética es la siguiente:

La carta de Fuego es una representación de la energía vital y la voluntad. Su lectura simbólica y poética es la siguiente:

La carta de Fuego es una representación de la energía vital y la voluntad. Su lectura simbólica y poética es la siguiente:

La carta de Fuego es una representación de la energía vital y la voluntad. Su lectura simbólica y poética es la siguiente:

La carta de Fuego es una representación de la energía vital y la voluntad. Su lectura simbólica y poética es la siguiente:

La carta de Fuego es una representación de la energía vital y la voluntad. Su lectura simbólica y poética es la siguiente:

La carta de Fuego es una representación de la energía vital y la voluntad. Su lectura simbólica y poética es la siguiente:

La carta de Fuego es una representación de la energía vital y la voluntad. Su lectura simbólica y poética es la siguiente:

La carta de Fuego es una representación de la energía vital y la voluntad. Su lectura simbólica y poética es la siguiente:

La carta de Fuego es una representación de la energía vital y la voluntad. Su lectura simbólica y poética es la siguiente:

La carta de Fuego es una representación de la energía vital y la voluntad. Su lectura simbólica y poética es la siguiente:

La carta de Fuego es una representación de la energía vital y la voluntad. Su lectura simbólica y poética es la siguiente:

La carta de Fuego es una representación de la energía vital y la voluntad. Su lectura simbólica y poética es la siguiente:

La carta de Fuego es una representación de la energía vital y la voluntad. Su lectura simbólica y poética es la siguiente:

La carta de Fuego es una representación de la energía vital y la voluntad. Su lectura simbólica y poética es la siguiente:

La carta de Fuego es una representación de la energía vital y la voluntad. Su lectura simbólica y poética es la siguiente:

La carta de Fuego es una representación de la energía vital y la voluntad. Su lectura simbólica y poética es la siguiente:

La carta de Fuego es una representación de la energía vital y la voluntad. Su lectura simbólica y poética es la siguiente:

La carta de Fuego es una representación de la energía vital y la voluntad. Su lectura simbólica y poética es la siguiente:

La carta de Fuego es una representación de la energía vital y la voluntad. Su lectura simbólica y poética es la siguiente:

La carta de Fuego es una representación de la energía vital y la voluntad. Su lectura simbólica y poética es la siguiente:

La carta de Fuego es una representación de la energía vital y la voluntad. Su lectura simbólica y poética es la siguiente:

La carta de Fuego es una representación de la energía vital y la voluntad. Su lectura simbólica y poética es la siguiente:

La carta de Fuego es una representación de la energía vital y la voluntad. Su lectura simbólica y poética es la siguiente:

La carta de Fuego es una representación de la energía vital y la voluntad. Su lectura simbólica y poética es la siguiente:

La carta de Fuego es una representación de la energía vital y la voluntad. Su lectura simbólica y poética es la siguiente:

La carta de Fuego es una representación de la energía vital y la voluntad. Su lectura simbólica y poética es la siguiente:

La carta de Fuego es una representación de la energía vital y la voluntad. Su lectura simbólica y poética es la siguiente:

La carta de Fuego es una representación de la energía vital y la voluntad. Su lectura simbólica y poética es la siguiente:

La carta de Fuego es una representación de la energía vital y la voluntad. Su lectura simbólica y poética es la siguiente:

La carta de Fuego es una representación de la energía vital y la voluntad. Su lectura simbólica y poética es la siguiente:

La carta de Fuego es una representación de la energía vital y la voluntad. Su lectura simbólica y poética es la siguiente:

La carta de Fuego es una representación de la energía vital y la voluntad. Su lectura simbólica y poética es la siguiente:

La carta de Fuego es una representación de la energía vital y la voluntad. Su lectura simbólica y poética es la siguiente:

La carta de Fuego es una representación de la energía vital y la voluntad. Su lectura simbólica y poética es la siguiente:

La carta de Fuego es una representación de la energía vital y la voluntad. Su lectura simbólica y poética es la siguiente:

La carta de Fuego es una representación de la energía vital y la voluntad. Su lectura simbólica y poética es la siguiente:

La carta de Fuego es una representación de la energía vital y la voluntad. Su lectura simbólica y poética es la siguiente:

La carta de Fuego es una representación de la energía vital y la voluntad. Su lectura simbólica y poética es la siguiente:

La carta de Fuego es una representación de la energía vital y la voluntad. Su lectura simbólica y poética es la siguiente:

La carta de Fuego es una representación de la energía vital y la voluntad. Su lectura simbólica y poética es la siguiente:

La carta de Fuego es una representación de la energía vital y la voluntad. Su lectura simbólica y poética es la siguiente:

La carta de Fuego es una representación de la energía vital y la voluntad. Su lectura simbólica y poética es la siguiente:

La carta de Fuego es una representación de la energía vital y la voluntad. Su lectura simbÓlica y poética es la siguiente:

La carta de Fuego es una representación de la energía vital y la voluntad. Su lectura simbólica y poética es la siguiente:

La carta de Fuego es una representación de la energía vital y la voluntad. Su lectura simbólica y poética es la siguiente:

La carta de Fuego es una representación de la energía vital y la voluntad. Su lectura simbólica y poética es la siguiente:

La carta de Fuego es una representación de la energía vital y la voluntad. Su lectura simbólica y poética es la siguiente:

La carta de Fuego es una representación de la energía vital y la voluntad. Su lectura simbólica y poética es la siguiente:

La carta de Fuego es una representación de la energía vital y la voluntad. Su lectura simbólica y poética es la siguiente:

La carta de Fuego es una representación de la energía vital y la voluntad. Su lectura simbólica y poética es la siguiente:

La carta de Fuego es una representación de la energía vital y la voluntad. Su lectura simbólica y poética es la siguiente:

La carta de Fuego es una representación de la energía vital y la voluntad. Su lectura simbólica y poética es la siguiente:

La carta de Fuego es una representación de la energía vital y la voluntad. Su lectura simbólica y poética es la siguiente:

La carta de Fuego es una representación de la energía vital y la voluntad. Su lectura simbólica y poética es la siguiente:

La carta de Fuego es una representación de la energía vital y la voluntad. Su lectura simbólica y poética es la siguiente:

La carta de Fuego es una representación de la energía vital y la voluntad. Su lectura simbólica y poética es la siguiente:

La carta de Fuego es una representación de la energía vital y la voluntad. Su lectura simbólica y poética es la siguiente:

La carta de Fuego es una representación de la energía vital y la voluntad. Su lectura simbólica y poética es la siguiente:

La carta de Fuego es una representación de la energía vital y la voluntad. Su lectura simbólica y poética es la siguiente:

La carta de Fuego es una representación de la energía vital y la voluntad. Su lectura simbólica y poética es la siguiente:

La carta de Fuego es una representación de la energía vital y la voluntad. Su lectura simbólica y poética es la siguiente:

La carta de Fuego es una representación de la energía vital y la voluntad. Su lectura simbólica y poética es la siguiente:

La carta de Fuego es una representación de la energía vital y la voluntad. Su lectura simbólica y poética es la siguiente:

La carta de Fuego es una representación de la energía vital y la voluntad. Su lectura simbólica y poética es la siguiente:

La carta de Fuego es una representación de la energía vital y la voluntad. Su lectura simbólica y poética es la siguiente:

La carta de Fuego es una representación de la energía vital y la voluntad. Su lectura simbólica y poética es la siguiente:

La carta de Fuego es una representación de la energía vital y la voluntad. Su lectura simbólica y poética es la siguiente:

La carta de Fuego es una representación de la energía vital y la voluntad. Su lectura simbólica y poética es la siguiente:

La carta de Fuego es una representación de la energía vital y la voluntad. Su lectura simbólica y poética es la siguiente:

La carta de Fuego es una representación de la energía vital y la voluntad. Su lectura simbólica y poética es la siguiente:

La carta de Fuego es una representación de la energía vital y la voluntad. Su lectura simbólica y poética es la siguiente:

La carta de Fuego es una representación de la energía vital y la voluntad. Su lectura simbólica y poética es la siguiente:

La carta de Fuego es una representación de la energía vital y la voluntad. Su lectura simbólica y poética es la siguiente:

La carta de Fuego es una representación de la energía vital y la voluntad. Su lectura simbólica y poética es la siguiente:

La carta de Fuego es una representación de la energía vital y la voluntad. Su lectura simbólica y poética es la siguiente:

La carta de Fuego es una representación de la energía vital y la voluntad. Su lectura simbólica y poética es la siguiente:

La carta de Fuego es una representación de la energía vital y la voluntad. Su lectura simbólica y poética es la siguiente:

La carta de Fuego es una representación de la energía vital y la voluntad. Su lectura simbólica y poética es la siguiente:

La carta de Fuego es una representación de la energía vital y la voluntad. Su lectura simbólica y poética es la siguiente:

La carta de Fuego es una representación de la energía vital y la voluntad. Su lectura simbólica y poética es la siguiente:

La carta de Fuego es una representación de la energía vital y la voluntad. Su lectura simbólica y poética es la siguiente:

La carta de Fuego es una representación de la energía vital y la voluntad. Su lectura simbólica y poética es la siguiente:

La carta de Fuego es una representación de la energía vital y la voluntad. Su lectura simbólica y poética es la siguiente:

La carta de Fuego es una representación de la energía vital y la voluntad. Su lectura simbólica y poética es la siguiente:

La carta de Fuego es una representación de la energía vital y la voluntad. Su lectura simbólica y poética es la siguiente:

La carta de Fuego es una representación de la energía vital y la voluntad. Su lectura simbólica y poética es la siguiente:

La carta de Fuego es una representación de la energía vital y la voluntad. Su lectura simbólica y poética es la siguiente:

La carta de Fuego es una representación de la energía vital y la voluntad. Su lectura simbólica y poética es la siguiente:

La carta de Fuego es una representación de la energía vital y la voluntad. Su lectura simbólica y poética es la siguiente:

La carta de Fuego es una representación de la energía vital y la voluntad. Su lectura simbólica y poética es la siguiente:

La carta de Fuego es una representación de la energía vital y la voluntad. Su lectura simbólica y poética es la siguiente:

La carta de Fuego es una representación de la energía vital y la voluntad. Su lectura simbólica y poética es la siguiente:

La carta de Fuego es una representación de la energía vital y la voluntad. Su lectura simbólica y poética es la siguiente:

La carta de Fuego es una representación de la energía vital y la voluntad. Su lectura simbólica y poética es la siguiente:

La carta de Fuego es una representación de la energía vital y la voluntad. Su lectura simbólica y poética es la siguiente:

La carta de Fuego es una representación de la energía vital y la voluntad. Su lectura simbólica y poética es la siguiente:

La carta de Fuego es una representación de la energía vital y la voluntad. Su lectura simbólica y poética es la siguiente:

La carta de Fuego es una representación de la energía vital y la voluntad. Su lectura simbólica y poética es la sigu

La carta de Fuego es una representación de la energía vital y la voluntad. Su lectura simbólica y poética es la siguiente:

La carta de Fuego es una representación de la energía vital y la voluntad. Su lectura simbólica y poética es la siguiente:

La carta de Fuego es una representación de la energía vital y la voluntad. Su lectura simbólica y poética es la siguiente:

La carta de Fuego es una representación de la energía vital y la voluntad. Su lectura simbólica y poética es la siguiente:

La carta de Fuego es una representación de la energía vital y la voluntad. Su lectura simbólica y poética es la siguiente:

La carta de Fuego es una representación de la energía vital y la voluntad. Su lectura simbólica y poética es la siguiente:

La carta de Fuego es una representación de la energía vital y la voluntad. Su lectura simbólica y poética es la siguiente:

La carta de Fuego es una representación de la energía vital y la voluntad. Su lectura simbólica y poética es la siguiente:

La carta de Fuego es una representación de la energía vital y la voluntad. Su lectura simbólica y poética es la siguiente:

La carta de Fuego es una representación de la energía vital y la voluntad. Su lectura simbólica y poética es la siguiente:

La carta de Fuego es una representación de la energía vital y la voluntad. Su lectura simbólica y poética es la siguiente:

La carta de Fuego es una representación de la energía vital y la voluntad. Su lectura simbólica y poética es la siguiente:

La carta de Fuego es una representación de la energía vital y la voluntad. Su lectura simbólica y poética es la siguiente:

La carta de Fuego es una representación de la energía vital y la voluntad. Su lectura simbólica y poética es la siguiente:

La carta de Fuego es una representación de la energía vital y la voluntad. Su lectura simbólica y poética es la siguiente:

La carta de Fuego es una representación de la energía vital y la voluntad. Su lectura simbólica y poética es la siguiente:

La carta de Fuego es una representación de la energía vital y la voluntad. Su lectura simbólica y poética es la siguiente:

La carta de Fuego es una representación de la energía vital y la voluntad. Su lectura simbólica y poética es la siguiente:

La carta de Fuego es una representación de la energía vital y la voluntad. Su lectura simbólica y poética es la siguiente:

La carta de Fuego es una representación de la energía vital y la voluntad. Su lectura simbólica y poética es la siguiente:

La carta de Fuego es una representación de la energía vital y la voluntad. Su lectura simbólica y poética es la siguiente:

La carta de Fuego es una representación de la energía vital y la voluntad. Su lectura simbólica y poética es la siguiente:

La carta de Fuego es una representación de la energía vital y la voluntad. Su lectura simbólica y poética es la siguiente:

La carta de Fuego es una representación de la energía vital y la voluntad. Su lectura simbólica y poética es la siguiente:

La carta de Fuego es una representación de la energía vital y la voluntad. Su lectura simbólica y poética es la siguiente:

La carta de Fuego es una representación de la energía vital y la voluntad. Su lectura simbólica y poética es la siguiente:

La carta de Fuego es una representación de la energía vital y la voluntad. Su lectura simbólica y poética es la siguiente:

La carta de Fuego es una representación de la energía vital y la voluntad. Su lectura simbólica y poética es la siguiente:

La carta de Fuego es una representación de la energía vital y la voluntad. Su lectura simbólica y poética es la siguiente:

La carta de Fuego es una representación de la energía vital y la voluntad. Su lectura simbólica y poética es la siguiente:

La carta de Fuego es una representación de la energía vital y la voluntad. Su lectura simbólica y poética es la siguiente:

La carta de Fuego es una representación de la energía vital y la voluntad. Su lectura simbólica y poética es la siguiente:

La carta de Fuego es una representación de la energía vital y la voluntad. Su lectura simbólica y poética es la siguiente:

La carta de Fuego es una representación de la energía vital y la voluntad. Su lectura simbólica y poética es la siguiente:

La carta de Fuego es una representación de la energía vital y la voluntad. Su lectura simbólica y poética es la siguiente:

La carta de Fuego es una representación de la energía vital y la voluntad. Su lectura simbólica y poética es la siguiente:

La carta de Fuego es una representación de la energía vital y la voluntad. Su lectura simbólica y poética es la siguiente:

La carta de Fuego es una representación de la energía vital y la voluntad. Su lectura simbólica y poética es la siguiente:

La carta de Fuego es una representación de la energía vital y la voluntad. Su lectura simbólica y poética es la siguiente:

La carta de Fuego es una representación de la energía vital y la voluntad. Su lectura simbólica y poética es la siguiente:

La carta de Fuego es una representación de la energía vital y la voluntad. Su lectura simbólica y poética es la siguiente:

La carta de Fuego es una representación de la energía vital y la voluntad. Su lectura simbólica y poética es la siguiente:

La carta de Fuego es una representación de la energía vital y la voluntad. Su lectura simbólica y poética es la siguiente:

La carta de Fuego es una representación de la energía vital y la voluntad. Su lectura simbólica y poética es la siguiente:

La carta de Fuego es una representación de la energía vital y la voluntad. Su lectura simbólica y poética es la siguiente:

La carta de Fuego es una representación de la energía vital y la voluntad. Su lectura simbólica y poética es la siguiente:

La carta de Fuego es una representación de la energía vital y la voluntad. Su lectura simbólica y poética es la siguiente:

La carta de Fuego es una representación de la energía vital y la voluntad. Su lectura simbólica y poética es la siguiente:

La carta de Fuego es una representación de la energía vital y la voluntad. Su lectura simbólica y poética es la siguiente:

La carta de Fuego es una representación de la energía vital y la voluntad. Su lectura simbólica y poética es la siguiente:

La carta de Fuego es una representación de la energía vital y la voluntad. Su lectura simbólica y poética es la siguiente:

La carta de Fuego es una representación de la energía vital y la voluntad. Su lectura simbólica y poética es la siguiente:

La carta de Fuego es una representación de la energía vital y la voluntad. Su lectura simbólica y poética es la siguiente:

La carta de Fuego es una representación de la energía vital y la voluntad. Su lectura simbólica y poética es la siguiente:

La carta de Fuego es una representación de la energía vital y la voluntad. Su lectura simbólica y poética es la siguiente:

La carta de Fuego es una representación de la energía vital y la voluntad. Su lectura simbólica y poética es la siguiente:

La carta de Fuego es una representación de la energía vital y la voluntad. Su lectura simbólica y poética es la siguiente:

La carta de Fuego es una representación de la energía vital y la voluntad. Su lectura simbólica y poética es la siguiente:

La carta de Fuego es una representación de la energía vital y la voluntad. Su lectura simbólica y poética es la siguiente:

La carta de Fuego es una representación de la energía vital y la voluntad. Su lectura simbólica y poética es la siguiente:

La carta de Fuego es una representación de la energía vital y la voluntad. Su lectura simbólica y poética es la siguiente:

La carta de Fuego es una representación de la energía vital y la voluntad. Su lectura simbólica y poética es la siguiente:

La carta de Fuego es una representación de la energía vital y la voluntad. Su lectura simbólica y poética es la siguiente:

La carta de Fuego es una representación de la energía vital y la voluntad. Su lectura simbólica y poética es la siguiente:

La carta de Fuego es una representación de la energía vital y la voluntad. Su lectura simbólica y poética es la siguiente:

La carta de Fuego es una representación de la energía vital y la voluntad. Su lectura simbólica y poética es la siguiente:

La carta de Fuego es una representación de la energía vital y la voluntad. Su lectura simbólica y poética es la siguiente:

La carta de Fuego es una representación de la energía vital y la voluntad. Su lectura simbólica y poética es la siguiente:

La carta de Fuego es una representación de la energía vital y la voluntad. Su lectura simbólica y poética es la siguiente:

La carta de Fuego es una representación de la energía vital y la voluntad. Su lectura simbólica y poética es la siguiente:

La carta de Fuego es una representación de la energía vital y la voluntad. Su lectura simbólica y poética es la siguiente:

La carta de Fuego es una representación de la energía vital y la voluntad. Su lectura simbólica y poética es la siguiente:

La carta de Fuego es una representación de la energía vital y la voluntad. Su lectura simbólica y poética es la siguiente:

La carta de Fuego es una representación de la energía vital y la voluntad. Su lectura simbólica y poética es la siguiente:

La carta de Fuego es una representación de la energía vital y la voluntad. Su lectura simbólica y poética es la siguiente:

La carta de Fuego es una representación de la energía vital y la voluntad. Su lectura simbólica y poética es la siguiente:

La carta de Fuego es una representación de la energía vital y la voluntad. Su lectura simbólica y poética es la siguiente:

La carta de Fuego es una representación de la energía vital y la voluntad. Su lectura simbólica y poética es la siguiente:

La carta de Fuego es una representación de la energía vital y la voluntad. Su lectura simbólica y poética es la siguiente:

La carta de Fuego es una representación de la energía vital y la voluntad. Su lectura simbólica y poética es la siguiente:

La carta de Fuego es una representación de la energía vital y la voluntad. Su lectura simbólica y poética es la siguiente:

La carta de Fuego es una representación de la energía vital y la voluntad. Su lectura simbólica y poética es la siguiente:

La carta de Fuego es una representación de la energía vital y la voluntad. Su lectura simbólica y poética es la siguiente:

La carta de Fuego es una representación de la energía vital y la voluntad. Su lectura simbólica y poética es la siguiente:

La carta de Fuego es una representación de la energía vital y la voluntad. Su lectura simbólica y poética es la siguiente:

La carta de Fuego es una representación de la energía vital y la voluntad. Su lectura simbólica y poética es la siguiente:

La carta de Fuego es una representación de la energía vital y la voluntad. Su lectura simbólica y poética es la siguiente:

La carta de Fuego es una representación de la energía vital y la voluntad. Su lectura simbólica y poética es la siguiente:

La carta de Fuego es una representación de la energía vital y la voluntad. Su lectura simbólica y poética es la siguiente:

La carta de Fuego es una representación de la energía vital y la voluntad. Su lectura simbólica y poética es la siguiente:

La carta de Fuego es una representación de la energía vital y la voluntad. Su lectura simbólica y poética es la siguiente:

La carta de Fuego es una representación de la energía vital y la voluntad. Su lectura simbólica y poética es la siguiente:

La carta de Fuego es una representación de la energía vital y la voluntad. Su lectura simbólica y poética es la siguiente:

La carta de Fuego es una representación de la energía vital y la voluntad. Su lectura simbólica y poética es la siguiente:

La carta de Fuego es una representación de la energía vital y la voluntad. Su lectura simbólica y poética es la siguiente:

La carta de Fuego es una representación de la energía vital y la voluntad. Su lectura simbólica y poética es la siguiente:

La carta de Fuego es una representación de la energía vital y la voluntad. Su lectura simbólica y poética es la siguiente:

La carta de Fuego es una representación de la energía vital y la voluntad. Su lectura simbólica y poética es la siguiente:

La carta de Fuego es una representación de la energía vital y la voluntad. Su lectura simbólica y poética es la siguiente:

La carta de Fuego es una representación de la energía vital y la voluntad. Su lectura simbólica y poética es la siguiente:

La carta de Fuego es una representación de la energía vital y la voluntad. Su lectura simbólica y poética es la siguiente:

La carta de Fuego es una representación de la energía vital y la voluntad. Su lectura simbólica y poética es la siguiente:

La carta de Fuego es una representación de la energía vital y la voluntad. Su lectura simbólica y poética es la siguiente:

La carta de Fuego es una representación de la energía vital y la voluntad. Su lectura simbólica y poética es la siguiente:

La carta de Fuego es una representación de la energía vital y la voluntad. Su lectura simbólica y poética es la siguiente:

La carta de Fuego es una representación de la energía vital y la voluntad. Su lectura simbólica y poética es la siguiente:

La carta de Fuego es una representación de la energía vital y la voluntad. Su lectura simbólica y poética es la siguiente:

La carta de Fuego es una representación de la energía vital y la voluntad. Su lectura simbólica y poética es la siguiente:

La carta de Fuego es una representación de la energía vital y la voluntad. Su lectura simbólica y poética es la siguiente:

La carta de Fuego es una representación de la energía vital y la voluntad. Su lectura simbólica y poética es la siguiente:

La carta de Fuego es una representación de la energía vital y la voluntad. Su lectura simbólica y poética es la siguiente:

La carta de Fuego es una representación de la energía vital y la voluntad. Su lectura simbólica y poética es la siguiente:

La carta de Fuego es una representación de la energía vital y la voluntad. Su lectura simbólica y poética es la siguiente:

La carta de Fuego es una representación de la energía vital y la voluntad. Su lectura simbólica y poética es la siguiente:

La carta de Fuego es una representación de la energía vital y la voluntad. Su lectura simbólica y poética es la siguiente:

La carta de Fuego es una representación de la energía vital y la voluntad. Su lectura simbólica y poética es la siguiente:

La carta de Fuego es una representación de la energía vital y la voluntad. Su lectura simbólica y poética es la siguiente:

La carta de Fuego es una representación de la energía vital y la voluntad. Su lectura simbólica y poética es la siguiente:

La carta de Fuego es una representación de la energía vital y la voluntad. Su lectura simbólica y poética es la siguiente:

La carta de Fuego es una representación de la energía vital y la voluntad. Su lectura simbólica y poética es la siguiente:

La carta de Fuego es una representación de la energía vital y la voluntad. Su lectura simbólica y poética es la siguiente:

La carta de Fuego es una representación de la energía vital y la voluntad. Su lectura simbólica y poética es la siguiente:

La carta de Fuego es una representación de la energía vital y la voluntad. Su lectura simbólica y poética es la siguiente:

La carta de Fuego es una representación de la energía vital y la voluntad. Su lectura simbólica y poética es la siguiente:

La carta de Fuego es una representación de la energía vital y la voluntad. Su lectura simbólica y poética es la siguiente:

La carta de Fuego es una representación de la energía vital y la voluntad. Su lectura simbólica y poética es la siguiente:

La carta de Fuego es una representación de la energía vital y la voluntad. Su lectura simbólica y poética es la siguiente:

La carta de Fuego es una representación de la energía vital y la voluntad. Su lectura simbólica y poética es la siguiente:

La carta de Fuego es una representación de la energía vital y la voluntad. Su lectura simbólica y poética es la siguiente:

La carta de Fuego es una representación de la energía vital y la voluntad. Su lectura simbólica y poética es la siguiente:

La carta de Fuego es una representación de la energía vital y la voluntad. Su lectura simbólica y poética es la siguiente:

La carta de Fuego es una representación de la energía vital y la voluntad. Su lectura simbólica y poética es la siguiente:

La carta de Fuego es una representación de la energía vital y la voluntad. Su lectura simbólica y poética es la siguiente:

La carta de Fuego es una representación de la energía vital y la voluntad. Su lectura simbólica y poética es la siguiente:

La carta de Fuego es una representación de la energía vital y la voluntad. Su lectura simbólica y poética es la siguiente:

La carta de Fuego es una representación de la energía vital y la voluntad. Su lectura simbólica y poética es la siguiente:

La carta de Fuego es una representación de la energía vital y la voluntad. Su lectura simbólica y poética es la siguiente:

La carta de Fuego es una representación de la energía vital y la voluntad. Su lectura simbólica y poética es la siguiente:

La carta de Fuego es una representación de la energía vital y la voluntad. Su lectura simbólica y poética es la siguiente:

La carta de Fuego es una representación de la energía vital y la voluntad. Su lectura simbólica y poética es la siguiente:

La carta de Fuego es una representación de la energía vital y la voluntad. Su lectura simbólica y poética es la siguiente:

La carta de Fuego es una representación de la energía vital y la voluntad. Su lectura simbólica y poética es la siguiente:

La carta de Fuego es una representación de la energía vital y la voluntad. Su lectura simbólica y poética es la siguiente:

La carta de Fuego es una representación de la energía vital y la voluntad. Su lectura simbólica y poética es la siguiente:

La carta de Fuego es una representación de la energía vital y la voluntad. Su lectura simbólica y poética es la siguiente:

La carta de Fuego es una representación de la energía vital y la voluntad. Su lectura simbólica y poética es la siguiente:

La carta de Fuego es una representación de la energía vital y la voluntad. Su lectura simbólica y poética es la siguiente:

La carta de Fuego es una representación de la energía vital y la voluntad. Su lectura simbólica y poética es la siguiente:

La carta de Fuego es una representación de la energía vital y la voluntad. Su lectura simbólica y poética es la siguiente:

La carta de Fuego es una representación de la energía vital y la voluntad. Su lectura simbólica y poética es la siguiente:

La carta de Fuego es una representación de la energía vital y la voluntad. Su lectura simbólica y poética es la siguiente:

La carta de Fuego es una representación de la energía vital y la voluntad. Su lectura simbólica y poética es la siguiente:

La carta de Fuego es una representación de la energía vital y la voluntad. Su lectura simbólica y poética es la siguiente:

La carta de Fuego es una representación de la energía vital y la voluntad. Su lectura simbólica y poética es la siguiente:

La carta de Fuego es una representación de la energía vital y la voluntad. Su lectura simbólica y poética es la siguiente:

La carta de Fuego es una representación de la energía vital y la voluntad. Su lectura simbólica y poética es la siguiente:

La carta de Fuego es una representación de la energía vital y la voluntad. Su lectura simbólica y poética es la siguiente:

La carta de Fuego es una representación de la energía vital y la voluntad. Su lectura simbólica y poética es la siguiente:

La carta de Fuego es una representación de la energía vital y la voluntad. Su lectura simbólica y poética es la siguiente:

La carta de Fuego es una representación de la energía vital y la voluntad. Su lectura simbólica y poética es la siguiente:

La carta de Fuego es una representación de la energía vital y la voluntad. Su lectura simbólica y poética es la siguiente:

La carta de Fuego es una representación de la energía vital y la voluntad. Su lectura simbólica y poética es la siguiente:

La carta de Fuego es una representación de la energía vital y la voluntad. Su lectura simbólica y poética es la siguiente:

La carta de Fuego es una representación de la energía vital y la voluntad. Su lectura simbólica y poética es la siguiente:

La carta de Fuego es una representación de la energía vital y la voluntad. Su lectura simbólica y poética es la siguiente:

La carta de Fuego es una representación de la energía vital y la voluntad. Su lectura simbólica y poética

La carta de Fuego es una representación de la energía vital y la voluntad. Su lectura simbólica y poética es la siguiente:

La carta de Fuego es una representación de la energía vital y la voluntad. Su lectura simbólica y poética es la siguiente:

La carta de Fuego es una representación de la energía vital y la voluntad. Su lectura simbólica y poética es la siguiente:

La carta de Fuego es una representación de la energía vital y la voluntad. Su lectura simbólica y poética es la siguiente:

La carta de Fuego es una representación de la energía vital y la voluntad. Su lectura simbólica y poética es la siguiente:

La carta de Fuego es una representación de la energía vital y la voluntad. Su lectura simbólica y poética es la siguiente:

La carta de Fuego es una representación de la energía vital y la voluntad. Su lectura simbólica y poética es la siguiente:

La carta de Fuego es una representación de la energía vital y la voluntad. Su lectura simbólica y poética es la siguiente:

La carta de Fuego es una representación de la energía vital y la voluntad. Su lectura simbólica y poética es la siguiente:

La carta de Fuego es una representación de la energía vital y la voluntad. Su lectura simbólica y poética es la siguiente:

La carta de Fuego es una representación de la energía vital y la voluntad. Su lectura simbólica y poética es la siguiente:

La carta de Fuego es una representación de la energía vital y la voluntad. Su lectura simbólica y poética es la siguiente:

La carta de Fuego es una representación de la energía vital y la voluntad. Su lectura simbólica y poética es la siguiente:

La carta de Fuego es una representación de la energía vital y la voluntad. Su lectura simbólica y poética es la siguiente:

La carta de Fuego es una representación de la energía vital y la voluntad. Su lectura simbólica y poética es la siguiente:

La carta de Fuego es una representación de la energía vital y la voluntad. Su lectura simbólica y poética es la siguiente:

La carta de Fuego es una representación de la energía vital y la voluntad. Su lectura simbólica y poética es la siguiente:

La carta de Fuego es una representación de la energía vital y la voluntad. Su lectura simbólica y poética es la siguiente:

La carta de Fuego es una representación de la energía vital y la voluntad. Su lectura simbólica y poética es la siguiente:

La carta de Fuego es una representación de la energía vital y la voluntad. Su lectura simbólica y poética es la siguiente:

La carta de Fuego es una representación de la energía vital y la voluntad. Su lectura simbólica y poética es la siguiente:

La carta de Fuego es una representación de la energía vital y la voluntad. Su lectura simbólica y poética es la siguiente:

La carta de Fuego es una representación de la energía vital y la voluntad. Su lectura simbólica y poética es la siguiente:

La carta de Fuego es una representación de la energía vital y la voluntad. Su lectura simbólica y poética es la siguiente:

La carta de Fuego es una representación de la energía vital y la voluntad. Su lectura simbólica y poética es la siguiente:

La carta de Fuego es una representación de la energía vital y la voluntad. Su lectura simbólica y poética es la siguiente:

La carta de Fuego es una representación de la energía vital y la voluntad. Su lectura simbólica y poética es la siguiente:

La carta de Fuego es una representación de la energía vital y la voluntad. Su lectura simbólica y poética es la siguiente:

La carta de Fuego es una representación de la energía vital y la voluntad. Su lectura simbólica y poética es la siguiente:

La carta de Fuego es una representación de la energía vital y la voluntad. Su lectura simbólica y poética es la siguiente:

La carta de Fuego es una representación de la energía vital y la voluntad. Su lectura simbólica y poética es la siguiente:

La carta de Fuego es una representación de la energía vital y la voluntad. Su lectura simbólica y poética es la siguiente:

La carta de Fuego es una representación de la energía vital y la voluntad. Su lectura simbólica y poética es la siguiente:

La carta de Fuego es una representación de la energía vital y la voluntad. Su lectura simbólica y poética es la siguiente:

La carta de Fuego es una representación de la energía vital y la voluntad. Su lectura simbólica y poética es la siguiente:

La carta de Fuego es una representación de la energía vital y la voluntad. Su lectura simbólica y poética es la siguiente:

La carta de Fuego es una representación de la energía vital y la voluntad. Su lectura simbólica y poética es la siguiente:

La carta de Fuego es una representación de la energía vital y la voluntad. Su lectura simbólica y poética es la siguiente:

La carta de Fuego es una representación de la energía vital y la voluntad. Su lectura simbólica y poética es la siguiente:

La carta de Fuego es una representación de la energía vital y la voluntad. Su lectura simbólica y poética es la siguiente:

La carta de Fuego es una representación de la energía vital y la voluntad. Su lectura simbólica y poética es la siguiente:

La carta de Fuego es una representación de la energía vital y la voluntad. Su lectura simbólica y poética es la siguiente:

La carta de Fuego es una representación de la energía vital y la voluntad. Su lectura simbólica y poética es la siguiente:

La carta de Fuego es una representación de la energía vital y la voluntad. Su lectura simbólica y poética es la siguiente:

La carta de Fuego es una representación de la energía vital y la voluntad. Su lectura simbólica y poética es la siguiente:

La carta de Fuego es una representación de la energía vital y la voluntad. Su lectura simbólica y poética es la siguiente:

La carta de Fuego es una representación de la energía vital y la voluntad. Su lectura simbólica y poética es la siguiente:

La carta de Fuego es una representación de la energía vital y la voluntad. Su lectura simbólica y poética es la siguiente:

La carta de Fuego es una representación de la energía vital y la voluntad. Su lectura simbólica y poética es la siguiente:

La carta de Fuego es una representación de la energía vital y la voluntad. Su lectura simbólica y poética es la siguiente:

La carta de Fuego es una representación de la energía vital y la voluntad. Su lectura simbólica y poética es la siguiente:

La carta de Fuego es una representación de la energía vital y la voluntad. Su lectura simbólica y poética es la siguiente:

La carta de Fuego es una representación de la energía vital y la voluntad. Su lectura simbólica y poética es la siguiente:

La carta de Fuego es una representación de la energía vital y la voluntad. Su lectura simbólica y poética es la siguiente:

La carta de Fuego es una representación de la energía vital y la voluntad. Su lectura simbólica y poética es la siguiente:

La carta de Fuego es una representación de la energía vital y la voluntad. Su lectura simbólica y poética es la siguiente:

La carta de Fuego es una representación de la energía vital y la voluntad. Su lectura simbólica y poética es la siguiente:

La carta de Fuego es una representación de la energía vital y la voluntad. Su lectura simbólica y poética es la siguiente:

La carta de Fuego es una representación de la energía vital y la voluntad. Su lectura simbólica y poética es la siguiente:

La carta de Fuego es una representación de la energía vital y la voluntad. Su lectura simbólica y poética es la siguiente:

La carta de Fuego es una representación de la energía vital y la voluntad. Su lectura simbólica y poética es la siguiente:

La carta de Fuego es una representación de la energía vital y la voluntad. Su lectura simbólica y poética es la siguiente:

La carta de Fuego es una representación de la energía vital y la voluntad. Su lectura simbólica y poética es la siguiente:

La carta de Fuego es una representación de la energía vital y la voluntad. Su lectura simbólica y poética es la siguiente:

La carta de Fuego es una representación de la energía vital y la voluntad. Su lectura simbólica y poética es la siguiente:

La carta de Fuego es una representación de la energía vital y la voluntad. Su lectura simbólica y poética es la siguiente:

La carta de Fuego es una representación de la energía vital y la voluntad. Su lectura simbólica y poética es la siguiente:

La carta de Fuego es una representación de la energía vital y la voluntad. Su lectura simbólica y poética es la siguiente:

La carta de Fuego es una representación de la energía vital y la voluntad. Su lectura simbólica y poética es la siguiente:

La carta de Fuego es una representación de la energía vital y la voluntad. Su lectura simbólica y poética es la siguiente:

La carta de Fuego es una representación de la energía vital y la voluntad. Su lectura simbólica y poética es la siguiente:

La carta de Fuego es una representación de la energía vital y la voluntad. Su lectura simbólica y poética es la siguiente:

La carta de Fuego es una representación de la energía vital y la voluntad. Su lectura simbólica y poética es la siguiente:

La carta de Fuego es una representación de la energía vital y la voluntad. Su lectura simbólica y poética es la siguiente:

La carta de Fuego es una representación de la energía vital y la voluntad. Su lectura simbólica y poética es la siguiente:

La carta de Fuego es una representación de la energía vital y la voluntad. Su lectura simbólica y poética es la siguiente:

La carta de Fuego es una representación de la energía vital y la voluntad. Su lectura simbólica y poética es la siguiente:

La carta de Fuego es una representación de la energía vital y la voluntad. Su lectura simbólica y poética es la siguiente:

La carta de Fuego es una representación de la energía vital y la voluntad. Su lectura simbólica y poética es la siguiente:

La carta de Fuego es una representación de la energía vital y la voluntad. Su lectura simbólica y poética es la siguiente:

La carta de Fuego es una representación de la energía vital y la voluntad. Su lectura simbólica y poética es la siguiente:

La carta de Fuego es una representación de la energía vital y la voluntad. Su lectura simbólica y poética es la siguiente:

La carta de Fuego es una representación de la energía vital y la voluntad. Su lectura simbólica y poética es la siguiente:

La carta de Fuego es una representación de la energía vital y la voluntad. Su lectura simbólica y poética es la siguiente:

La carta de Fuego es una representación de la energía vital y la voluntad. Su lectura simbólica y poética es la siguiente:

La carta de Fuego es una representación de la energía vital y la voluntad. Su lectura simbólica y poética es la siguiente:

La carta de Fuego es una representación de la energía vital y la voluntad. Su lectura simbólica y poética es la siguiente:

La carta de Fuego es una representación de la energía vital y la voluntad. Su lectura simbólica y poética es la siguiente:

La carta de Fuego es una representación de la energía vital y la voluntad. Su lectura simbólica y poética es la siguiente:

La carta de Fuego es una representación de la energía vital y la voluntad. Su lectura simbólica y poética es la siguiente:

La carta de Fuego es una representación de la energía vital y la voluntad. Su lectura simbólica y poética es la siguiente:

La carta de Fuego es una representación de la energía vital y la voluntad. Su lectura simbólica y poética es la siguiente:

La carta de Fuego es una representación de la energía vital y la voluntad. Su lectura simbólica y poética es la siguiente:

La carta de Fuego es una representación de la energía vital y la voluntad. Su lectura simbólica y poética es la siguiente:

La carta de Fuego es una representación de la energía vital y la voluntad. Su lectura simbólica y poética es la siguiente:

La carta de Fuego es una representación de la energía vital y la voluntad. Su lectura simbólica y poética es la siguiente:

La carta de Fuego es una representación de la energía vital y la voluntad. Su lectura simbólica y poética es la siguiente:

La carta de Fuego es una representación de la energía vital y la voluntad. Su lectura simbólica y poética es la siguiente:

La carta de Fuego es una representación de la energía vital y la voluntad. Su lectura simbólica y poética es la siguiente:

La carta de Fuego es una representación de la energía vital y la voluntad. Su lectura simbólica y poética es la siguiente:

La carta de Fuego es una representación de la energía vital y la voluntad. Su lectura simbólica y poética es la siguiente:

La carta de Fuego es una representación de la energía vital y la voluntad. Su lectura simbólica y poética es la siguiente:

La carta de Fuego es una representación de la energía vital y la voluntad. Su lectura simbólica y poética es la siguiente:

La carta de Fuego es una representación de la energía vital y la voluntad. Su lectura simbólica y poética es la siguiente:

La carta de Fuego es una representación de la energía vital y la voluntad. Su lectura simbólica y poética es la siguiente:

La carta de Fuego es una representación de la energía vital y la voluntad. Su lectura simbólica y poética es la siguiente:

La carta de Fuego es una representación de la energía vital y la voluntad. Su lectura simbólica y poética es la siguiente:

La carta de Fuego es una representación de la energía vital y la voluntad. Su lectura simbólica y poética es la siguiente:

La carta de Fuego es una representación de la energía vital y la voluntad. Su lectura simbólica y poética es la siguiente:

La carta de Fuego es una representación de la energía vital y la voluntad. Su lectura simbólica y poética es la siguiente:

La carta de Fuego es una representación de la energía vital y la voluntad",es,0,20363,1,20364,0.0,[],['sigu']
19,"La carta de Tierra es un llamado a la acción y la materialización de nuestras creencias y emociones. Es un signo de la capacidad de sostener y nutrir la vida, proporcionando un terreno fértil para el crecimiento y la realización personal.",es,0,41,0,41,0.0,[],[]
20,"El Diez de Espadas es una carta de Fuego que simboliza la energía vital y la voluntad. Es una carta de impulso y transformación, que invita a reconocer y canalizar la fuerza interior. Es una carta de purificación y reinventarse a sí mismo, que desafía al buscador a usar su poder interior de forma consciente y deliberada. Es una carta de crecimiento personal y transformación, que invita a alinear los deseos auténticos con un propósito superior. Es una carta de impulso y voluntad, que simboliza la chispa divina que enciende la motivación y el deseo de manifestar la propia voluntad en el mundo físico. Es una carta de energía y creatividad, que simboliza la purificación y el reinventarse a sí mismo. Es una carta de impulso y transformación, que desafía al buscador a usar su poder interior de forma consciente y deliberada. Es una carta de impulso y voluntad, que simboliza la chispa divina que enciende la motivación y el deseo de manifestar la propia voluntad en el mundo físico. Es una carta de impulso y voluntad, que simboliza la chispa divina que enciende la motivación y el deseo de manifestar la propia voluntad en el mundo físico. Es una carta de impulso y voluntad, que simboliza la chispa divina que enciende la motivación y el deseo de manifestar la propia voluntad en el mundo físico. Es una carta de impulso y voluntad, que simboliza la chispa divina que enciende la motivación y el deseo de manifestar la propia voluntad en el mundo físico. Es una carta de impulso y voluntad, que simboliza la chispa divina que enciende la motivación y el deseo de manifestar la propia voluntad en el mundo físico. Es una carta de impulso y voluntad, que simboliza la chispa divina que enciende la motivación y el deseo de manifestar la propia voluntad en el mundo físico. Es una carta de impulso y voluntad, que simboliza la chispa divina que enciende la motivación y el deseo de manifestar la propia voluntad en el mundo físico. Es una carta de impulso y voluntad, que simboliza la chispa divina que enciende la motivación y el deseo de manifestar la propia voluntad en el mundo físico. Es una carta de impulso y voluntad, que simboliza la chispa divina que enciende la motivación y el deseo de manifestar la propia voluntad en el mundo físico. Es una carta de impulso y voluntad, que simboliza la chispa divina que enciende la motivación y el deseo de manifestar la propia voluntad en el mundo físico. Es una carta de impulso y voluntad, que simboliza la chispa divina que enciende la motivación y el deseo de manifestar la propia voluntad en el mundo físico. Es una carta de impulso y voluntad, que simboliza la chispa divina que enciende la motivación y el deseo de manifestar la propia voluntad en el mundo físico. Es una carta de impulso y voluntad, que simboliza la chispa divina que enciende la motivación y el deseo de manifestar la propia voluntad en el mundo físico. Es una carta de impulso y voluntad, que simboliza la chispa divina que enciende la motivación y el deseo de manifestar la propia voluntad en el mundo físico. Es una carta de impulso y voluntad, que simboliza la chispa divina que enciende la motivación y el deseo de manifestar la propia voluntad en el mundo físico. Es una carta de impulso y voluntad, que simboliza la chispa divina que enciende la motivación y el deseo de manifestar la propia voluntad en el mundo físico. Es una carta de impulso y voluntad, que simboliza la chispa divina que enciende la motivación y el deseo de manifestar la propia voluntad en el mundo físico. Es una carta de impulso y voluntad, que simboliza la chispa divina que enciende la motivación y el deseo de manifestar la propia voluntad en el mundo físico. Es una carta de impulso y voluntad, que simboliza la chispa divina que enciende la motivación y el deseo de manifestar la propia voluntad en el mundo físico. Es una carta de impulso y voluntad, que simboliza la chispa divina que enciende la motivación y el deseo de manifestar la propia voluntad en el mundo físico. Es una carta de impulso y voluntad, que simboliza la chispa divina que enciende la motivación y el deseo de manifestar la propia voluntad en el mundo físico. Es una carta de impulso y voluntad, que simboliza la chispa divina que enciende la motivación y el deseo de manifestar la propia voluntad en el mundo físico. Es una carta de impulso y voluntad, que simboliza la chispa divina que enciende la motivación y el deseo de manifestar la propia voluntad en el mundo físico. Es una carta de impulso y voluntad, que simboliza la chispa divina que enciende la motivación y el deseo de manifestar la propia voluntad en el mundo físico. Es una carta de impulso y voluntad, que simboliza la chispa divina que enciende la motivación y el deseo de manifestar la propia voluntad en el mundo físico. Es una carta de impulso y voluntad, que simboliza la chispa divina que enciende la motivación y el deseo de manifestar la propia voluntad en el mundo físico. Es una carta de impulso y voluntad, que simboliza la chispa divina que enciende la motivación y el deseo de manifestar la propia voluntad en el mundo físico. Es una carta de impulso y voluntad, que simboliza la chispa divina que enciende la motivación y el deseo de manifestar la propia voluntad en el mundo físico. Es una carta de impulso y voluntad, que simboliza la chispa divina que enciende la motivación y el deseo de manifestar la propia voluntad en el mundo físico. Es una carta de impulso y voluntad, que simboliza la chispa divina que enciende la motivación y el deseo de manifestar la propia voluntad en el mundo físico. Es una carta de impulso y voluntad, que simboliza la chispa divina que enciende la motivación y el deseo de manifestar la propia voluntad en el mundo físico. Es una carta de impulso y voluntad, que simboliza la chispa divina que enciende la motivación y el deseo de manifestar la propia voluntad en el mundo físico. Es una carta de impulso y voluntad, que simboliza la chispa divina que enciende la motivación y el deseo de manifestar la propia voluntad en el mundo físico. Es una carta de impulso y voluntad, que simboliza la chispa divina que enciende la motivación y el deseo de manifestar la propia voluntad en el mundo físico. Es una carta de impulso y voluntad, que simboliza la chispa divina que enciende la motivación y el deseo de manifestar la propia voluntad en el mundo físico. Es una carta de impulso y voluntad, que simboliza la chispa divina que enciende la motivación y el deseo de manifestar la propia voluntad en el mundo físico. Es una carta de impulso y voluntad, que simboliza la chispa divina que enciende la motivación y el deseo de manifestar la propia voluntad en el mundo físico. Es una carta de impulso y voluntad, que simboliza la chispa divina que enciende la motivación y el deseo de manifestar la propia voluntad en el mundo físico. Es una carta de impulso y voluntad, que simboliza la chispa divina que enciende la motivación y el deseo de manifestar la propia voluntad en el mundo físico. Es una carta de impulso y voluntad, que simboliza la chispa divina que enciende la motivación y el deseo de manifestar la propia voluntad en el mundo físico. Es una carta de impulso y voluntad, que simboliza la chispa divina que enciende la motivación y el deseo de manifestar la propia voluntad en el mundo físico. Es una carta de impulso y voluntad, que simboliza la chispa divina que enciende la motivación y el deseo de manifestar la propia voluntad en el mundo físico. Es una carta de impulso y voluntad, que simboliza la chispa divina que enciende la motivación y el deseo de manifestar la propia voluntad en el mundo físico. Es una carta de impulso y voluntad, que simboliza la chispa divina que enciende la motivación y el deseo de manifestar la propia voluntad en el mundo físico. Es una carta de impulso y voluntad, que simboliza la chispa divina que enciende la motivación y el deseo de manifestar la propia voluntad en el mundo físico. Es una carta de impulso y voluntad, que simboliza la chispa divina que enciende la motivación y el deseo de manifestar la propia voluntad en el mundo físico. Es una carta de impulso y voluntad, que simboliza la chispa divina que enciende la motivación y el deseo de manifestar la propia voluntad en el mundo físico. Es una carta de impulso y voluntad, que simboliza la chispa divina que enciende la motivación y el deseo de manifestar la propia voluntad en el mundo físico. Es una carta de impulso y voluntad, que simboliza la chispa divina que enciende la motivación y el deseo de manifestar la propia voluntad en el mundo físico. Es una carta de impulso y voluntad, que simboliza la chispa divina que enciende la motivación y el deseo de manifestar la propia voluntad en el mundo físico. Es una carta de impulso y voluntad, que simboliza la chispa divina que enciende la motivación y el deseo de manifestar la propia voluntad en el mundo físico. Es una carta de impulso y voluntad, que simboliza la chispa divina que enciende la motivación y el deseo de manifestar la propia voluntad en el mundo físico. Es una carta de impulso y voluntad, que simboliza la chispa divina que enciende la motivación y el deseo de manifestar la propia voluntad en el mundo físico. Es una carta de impulso y voluntad, que simboliza la chispa divina que enciende la motivación y el deseo de manifestar la propia voluntad en el mundo físico. Es una carta de impulso y voluntad, que simboliza la chispa divina que enciende la motivación y el deseo de manifestar la propia voluntad en el mundo físico. Es una carta de impulso y voluntad, que simboliza la chispa divina que enciende la motivación y el deseo de manifestar la propia voluntad en el mundo físico. Es una carta de impulso y voluntad, que simboliza la chispa divina que enciende la motivación y el deseo de manifestar la propia voluntad en el mundo físico. Es una carta de impulso y voluntad, que simboliza la chispa divina que enciende la motivación y el deseo de manifestar la propia voluntad en el mundo físico. Es una carta de impulso y voluntad, que simboliza la chispa divina que enciende la motivación y el deseo de manifestar la propia voluntad en el mundo físico. Es una carta de impulso y voluntad, que simboliza la chispa divina que enciende la motivación y el deseo de manifestar la propia voluntad en el mundo físico. Es una carta de impulso y voluntad, que simboliza la chispa divina que enciende la motivación y el deseo de manifestar la propia voluntad en el mundo físico. Es una carta de impulso y voluntad, que simboliza la chispa divina que enciende la motivación y el deseo de manifestar la propia voluntad en el mundo físico. Es una carta de impulso y voluntad, que simboliza la chispa divina que enciende la motivación y el deseo de manifestar la propia voluntad en el mundo físico. Es una carta de impulso y voluntad, que simboliza la chispa divina que enciende la motivación y el deseo de manifestar la propia voluntad en el mundo físico. Es una carta de impulso y voluntad, que simboliza la chispa divina que enciende la motivación y el deseo de manifestar la propia voluntad en el mundo físico. Es una carta de impulso y voluntad, que simboliza la chispa divina que enciende la motivación y el deseo de manifestar la propia voluntad en el mundo físico. Es una carta de impulso y voluntad, que simboliza la chispa divina que enciende la motivación y el deseo de manifestar la propia voluntad en el mundo físico. Es una carta de impulso y voluntad, que simboliza la chispa divina que enciende la motivación y el deseo de manifestar la propia voluntad en el mundo físico. Es una carta de impulso y voluntad, que simboliza la chispa divina que enciende la motivación y el deseo de manifestar la propia voluntad en el mundo físico. Es una carta de impulso y voluntad, que simboliza la chispa divina que enciende la motivación y el deseo de manifestar la propia voluntad en el mundo físico. Es una carta de impulso y voluntad, que simboliza la chispa divina que enciende la motivación y el deseo de manifestar la propia voluntad en el mundo físico. Es una carta de impulso y voluntad, que simboliza la chispa divina que enciende la motivación y el deseo de manifestar la propia voluntad en el mundo físico. Es una carta de impulso y voluntad, que simboliza la chispa divina que enciende la motivación y el deseo de manifestar la propia voluntad en el mundo físico. Es una carta de impulso y voluntad, que simboliza la chispa divina que enciende la motivación y el deseo de manifestar la propia voluntad en el mundo físico. Es una carta de impulso y voluntad, que simboliza la chispa divina que enciende la motivación y el deseo de manifestar la propia voluntad en el mundo físico. Es una carta de impulso y voluntad, que simboliza la chispa divina que enciende la motivación y el deseo de manifestar la propia voluntad en el mundo físico. Es una carta de impulso y voluntad, que simboliza la chispa divina que enciende la motivación y el deseo de manifestar la propia voluntad en el mundo físico. Es una carta de impulso y voluntad, que simboliza la chispa divina que enciende la motivación y el deseo de manifestar la propia voluntad en el mundo físico. Es una carta de impulso y voluntad, que simboliza la chispa divina que enciende la motivación y el deseo de manifestar la propia voluntad en el mundo físico. Es una carta de impulso y voluntad, que simboliza la chispa divina que enciende la motivación y el deseo de manifestar la propia voluntad en el mundo físico. Es una carta de impulso y voluntad, que simboliza la chispa divina que enciende la motivación y el deseo de manifestar la propia voluntad en el mundo físico. Es una carta de impulso y voluntad, que simboliza la chispa divina que enciende la motivación y el deseo de manifestar la propia voluntad en el mundo físico. Es una carta de impulso y voluntad, que simboliza la chispa divina que enciende la motivación y el deseo de manifestar la propia voluntad en el mundo físico. Es una carta de impulso y voluntad, que simboliza la chispa divina que enciende la motivación y el deseo de manifestar la propia voluntad en el mundo físico. Es una carta de impulso y voluntad, que simboliza la chispa divina que enciende la motivación y el deseo de manifestar la propia voluntad en el mundo físico. Es una carta de impulso y voluntad, que simboliza la chispa divina que enciende la motivación y el deseo de manifestar la propia voluntad en el mundo físico. Es una carta de impulso y voluntad, que simboliza la chispa divina que enciende la motivación y el deseo de manifestar la propia voluntad en el mundo físico. Es una carta de impulso y voluntad, que simboliza la chispa divina que enciende la motivación y el deseo de manifestar la propia voluntad en el mundo físico. Es una carta de impulso y voluntad, que simboliza la chispa divina que enciende la motivación y el deseo de manifestar la propia voluntad en el mundo físico. Es una carta de impulso y voluntad, que simboliza la chispa divina que enciende la motivación y el deseo de manifestar la propia voluntad en el mundo físico. Es una carta de impulso y voluntad, que simboliza la chispa divina que enciende la motivación y el deseo de manifestar la propia voluntad en el mundo físico. Es una carta de impulso y voluntad, que simboliza la chispa divina que enciende la motivación y el deseo de manifestar la propia voluntad en el mundo físico. Es una carta de impulso y voluntad, que simboliza la chispa divina que enciende la motivación y el deseo de manifestar la propia voluntad en el mundo físico. Es una carta de impulso y voluntad, que simboliza la chispa divina que enciende la motivación y el deseo de manifestar la propia voluntad en el mundo físico. Es una carta de impulso y voluntad, que simboliza la chispa divina que enciende la motivación y el deseo de manifestar la propia voluntad en el mundo físico. Es una carta de impulso y voluntad, que simboliza la chispa divina que enciende la motivación y el deseo de manifestar la propia voluntad en el mundo físico. Es una carta de impulso y voluntad, que simboliza la chispa divina que enciende la motivación y el deseo de manifestar la propia voluntad en el mundo físico. Es una carta de impulso y voluntad, que simboliza la chispa divina que enciende la motivación y el deseo de manifestar la propia voluntad en el mundo físico. Es una carta de impulso y voluntad, que simboliza la chispa divina que enciende la motivación y el deseo de manifestar la propia voluntad en el mundo físico. Es una carta de impulso y voluntad, que simboliza la chispa divina que enciende la motivación y el deseo de manifestar la propia voluntad en el mundo físico. Es una carta de impulso y voluntad, que simboliza la chispa divina que enciende la motivación y el deseo de manifestar la propia voluntad en el mundo físico. Es una carta de impulso y voluntad, que simboliza la chispa divina que enciende la motivación y el deseo de manifestar la propia voluntad en el mundo físico. Es una carta de impulso y voluntad, que simboliza la chispa divina que enciende la motivación y el deseo de manifestar la propia voluntad en el mundo físico. Es una carta de impulso y voluntad, que simboliza la chispa divina que enciende la motivación y el deseo de manifestar la propia voluntad en el mundo físico. Es una carta de impulso y voluntad, que simboliza la chispa divina que enciende la motivación y el deseo de manifestar la propia voluntad en el mundo físico. Es una carta de impulso y voluntad, que simboliza la chispa divina que enciende la motivación y el deseo de manifestar la propia voluntad en el mundo físico. Es una carta de impulso y voluntad, que simboliza la chispa divina que enciende la motivación y el deseo de manifestar la propia voluntad en el mundo físico. Es una carta de impulso y voluntad, que simboliza la chispa divina que enciende la motivación y el deseo de manifestar la propia voluntad en el mundo físico. Es una carta de impulso y voluntad, que simboliza la chispa divina que enciende la motivación y el deseo de manifestar la propia voluntad en el mundo físico. Es una carta de impulso y voluntad, que simboliza la chispa divina que enciende la motivación y el deseo de manifestar la propia voluntad en el mundo físico. Es una carta de impulso y voluntad, que simboliza la chispa divina que enciende la motivación y el deseo de manifestar la propia voluntad en el mundo físico. Es una carta de impulso y voluntad, que simboliza la chispa divina que enciende la motivación y el deseo de manifestar la propia voluntad en el mundo físico. Es una carta de impulso y voluntad, que simboliza la chispa divina que enciende la motivación y el deseo de manifestar la propia voluntad en el mundo físico. Es una carta de impulso y voluntad, que simboliza la chispa divina que enciende la motivación y el deseo de manifestar la propia voluntad en el mundo físico. Es una carta de impulso y voluntad, que simboliza la chispa divina que enciende la motivación y el deseo de manifestar la propia voluntad en el mundo físico. Es una carta de impulso y voluntad, que simboliza la chispa divina que enciende la motivación y el deseo de manifestar la propia voluntad en el mundo físico. Es una carta de impulso y voluntad, que simboliza la chispa divina que enciende la motivación y el deseo de manifestar la propia voluntad en el mundo físico. Es una carta de impulso y voluntad, que simboliza la chispa divina que enciende la motivación y el deseo de manifestar la propia voluntad en el mundo físico. Es una carta de impulso y voluntad, que simboliza la chispa divina que enciende la motivación y el deseo de manifestar la propia voluntad en el mundo físico. Es una carta de impulso y voluntad, que simboliza la chispa divina que enciende la motivación y el deseo de manifestar la propia voluntad en el mundo físico. Es una carta de impulso y voluntad, que simboliza la chispa divina que enciende la motivación y el deseo de manifestar la propia voluntad en el mundo físico. Es una carta de impulso y voluntad, que simboliza la chispa divina que enciende la motivación y el deseo de manifestar la propia voluntad en el mundo físico. Es una carta de impulso y voluntad, que simboliza la chispa divina que enciende la motivación y el deseo de manifestar la propia voluntad en el mundo físico. Es una carta de impulso y voluntad, que simboliza la chispa divina que enciende la motivación y el deseo de manifestar la propia voluntad en el mundo físico. Es una carta de impulso y voluntad, que simboliza la chispa divina que enciende la motivación y el deseo de manifestar la propia voluntad en el mundo físico. Es una carta de impulso y voluntad, que simboliza la chispa divina que enciende la motivación y el deseo de manifestar la propia voluntad en el mundo físico. Es una carta de impulso y voluntad, que simboliza la chispa divina que enciende la motivación y el deseo de manifestar la propia voluntad en el mundo físico. Es una carta de impulso y voluntad, que simboliza la chispa divina que enciende la motivación y el deseo de manifestar la propia voluntad en el mundo físico. Es una carta de impulso y voluntad, que simboliza la chispa divina que enciende la motivación y el deseo de manifestar la propia voluntad en el mundo físico. Es una carta de impulso y voluntad, que simboliza la chispa divina que enciende la motivación y el deseo de manifestar la propia voluntad en el mundo físico. Es una carta de impulso y voluntad, que simboliza la chispa divina que enciende la motivación y el deseo de manifestar la propia voluntad en el mundo físico. Es una carta de impulso y voluntad, que simboliza la chispa divina que enciende la motivación y el deseo de manifestar la propia voluntad en el mundo físico. Es una carta de impulso y voluntad, que simboliza la chispa divina que enciende la motivación y el deseo de manifestar la propia voluntad en el mundo físico. Es una carta de impulso y voluntad, que simboliza la chispa divina que enciende la motivación y el deseo de manifestar la propia voluntad en el mundo físico. Es una carta de impulso y voluntad, que simboliza la chispa divina que enciende la motivación y el deseo de manifestar la propia voluntad en el mundo físico. Es una carta de impulso y voluntad, que simboliza la chispa divina que enciende la motivación y el deseo de manifestar la propia voluntad en el mundo físico. Es una carta de impulso y voluntad, que simboliza la chispa divina que enciende la motivación y el deseo de manifestar la propia voluntad en el mundo físico. Es una carta de impulso y voluntad, que simboliza la chispa divina que enciende la motivación y el deseo de manifestar la propia voluntad en el mundo físico. Es una carta de impulso y voluntad, que simboliza la chispa divina que enciende la motivación y el deseo de manifestar la propia voluntad en el mundo físico. Es una carta de impulso y voluntad, que simboliza la chispa divina que enciende la motivación y el deseo de manifestar la propia voluntad en el mundo físico. Es una carta de impulso y voluntad, que simboliza la chispa divina que enciende la motivación y el deseo de manifestar la propia voluntad en el mundo físico. Es una carta de impulso y voluntad, que simboliza la chispa divina que enciende la motivación y el deseo de manifestar la propia voluntad en el mundo físico. Es una carta de impulso y voluntad, que simboliza la chispa divina que enciende la motivación y el deseo de manifestar la propia voluntad en el mundo físico. Es una carta de impulso y voluntad, que simboliza la chispa divina que enciende la motivación y el deseo de manifestar la propia voluntad en el mundo físico. Es una carta de impulso y voluntad, que simboliza la chispa divina que enciende la motivación y el deseo de manifestar la propia voluntad en el mundo físico. Es una carta de impulso y voluntad, que simboliza la chispa divina que enciende la motivación y el deseo de manifestar la propia voluntad en el mundo físico. Es una carta de impulso y voluntad, que simboliza la chispa divina que enciende la motivación y el deseo de manifestar la propia voluntad en el mundo físico. Es una carta de impulso y voluntad, que simboliza la chispa divina que enciende la motivación y el deseo de manifestar la propia voluntad en el mundo físico. Es una carta de impulso y voluntad, que simboliza la chispa divina que enciende la motivación y el deseo de manifestar la propia voluntad en el mundo físico. Es una carta de impulso y voluntad, que simboliza la chispa divina que enciende la motivación y el deseo de manifestar la propia voluntad en el mundo físico. Es una carta de impulso y voluntad, que simboliza la chispa divina que enciende la motivación y el deseo de manifestar la propia voluntad en el mundo físico. Es una carta de impulso y voluntad, que simboliza la chispa divina que enciende la motivación y el deseo de manifestar la propia voluntad en el mundo físico. Es una carta de impulso y voluntad, que simboliza la chispa divina que enciende la motivación y el deseo de manifestar la propia voluntad en el mundo físico. Es una carta de impulso y voluntad, que simboliza la chispa divina que enciende la motivación y el deseo de manifestar la propia voluntad en el mundo físico. Es una carta de impulso y voluntad, que simboliza la chispa divina que enciende la motivación y el deseo de manifestar la propia voluntad en el mundo físico. Es una carta de impulso y voluntad, que simboliza la chispa divina que enciende la motivación y el deseo de manifestar la propia voluntad en el mundo físico. Es una carta de impulso y voluntad, que simboliza la chispa divina que enciende la motivación y el deseo de manifestar la propia voluntad en el mundo físico. Es una carta de impulso y voluntad, que simboliza la chispa divina que enciende la motivación y el deseo de manifestar la propia voluntad en el mundo físico. Es una carta de impulso y voluntad, que simboliza la chispa divina que enciende la motivación y el deseo de manifestar la propia voluntad en el mundo físico. Es una carta de impulso y voluntad, que simboliza la chispa divina que enciende la motivación y el deseo de manifestar la propia voluntad en el mundo físico. Es una carta de impulso y voluntad, que simboliza la chispa divina que enciende la motivación y el deseo de manifestar la propia voluntad en el mundo físico. Es una carta de impulso y voluntad, que simboliza la chispa divina que enciende la motivación y el deseo de manifestar la propia voluntad en el mundo físico. Es una carta de impulso y voluntad, que simboliza la chispa divina que enciende la motivación y el deseo de manifestar la propia voluntad en el mundo físico. Es una carta de impulso y voluntad, que simboliza la chispa divina que enciende la motivación y el deseo de manifestar la propia voluntad en el mundo físico. Es una carta de impulso y voluntad, que simboliza la chispa divina que enciende la motivación y el deseo de manifestar la propia voluntad en el mundo físico. Es una carta de impulso y voluntad, que simboliza la chispa divina que enciende la motivación y el deseo de manifestar la propia voluntad en el mundo físico. Es una carta de impulso y voluntad, que simboliza la chispa divina que enciende la motivación y el deseo de manifestar la propia voluntad en el mundo físico. Es una carta de impulso y voluntad, que simboliza la chispa divina que enciende la motivación y el deseo de manifestar la propia voluntad en el mundo físico. Es una carta de impulso y voluntad, que simboliza la chispa divina que enciende la motivación y el deseo de manifestar la propia voluntad en el mundo físico. Es una carta de impulso y voluntad, que simboliza la chispa divina que enciende la motivación y el deseo de manifestar la propia voluntad en el mundo físico. Es una carta de impulso y voluntad, que simboliza la chispa divina que enciende la motivación y el deseo de manifestar la propia voluntad en el mundo físico. Es una carta de impulso y voluntad, que simboliza la chispa divina que enciende la motivación y el deseo de manifestar la propia voluntad en el mundo físico. Es una carta de impulso y voluntad, que simboliza la chispa divina que enciende la motivación y el deseo de manifestar la propia voluntad en el mundo físico. Es una carta de impulso y voluntad, que simboliza la chispa divina que enciende la motivación y el deseo de manifestar la propia voluntad en el mundo físico. Es una carta de impulso y voluntad, que simboliza la chispa divina que enciende la motivación y el deseo de manifestar la propia voluntad en el mundo físico. Es una carta de impulso y voluntad, que simboliza la chispa divina que enciende la motivación y el deseo de manifestar la propia voluntad en el mundo físico. Es una carta de impulso y voluntad, que simboliza la chispa divina que enciende la motivación y el deseo de manifestar la propia voluntad en el mundo físico. Es una carta de impulso y voluntad, que simboliza la chispa divina que enciende la motivación y el deseo de manifestar la propia voluntad en el mundo físico. Es una carta de impulso y voluntad, que simboliza la chispa divina que enciende la motivación y el deseo de manifestar la propia voluntad en el mundo físico. Es una carta de impulso y voluntad, que simboliza la chispa divina que enciende la motivación y el deseo de manifestar la propia voluntad en el mundo físico. Es una carta de impulso y voluntad, que simboliza la chispa divina que enciende la motivación y el deseo de manifestar la propia voluntad en el mundo físico. Es una carta de impulso y voluntad, que simboliza la chispa divina que enciende la motivación y el deseo de manifestar la propia voluntad en el mundo físico. Es una carta de impulso y voluntad, que simboliza la chispa divina que enciende la motivación y el deseo de manifestar la propia voluntad en el mundo físico. Es una carta de impulso y voluntad, que simboliza la chispa divina que enciende la motivación y el deseo de manifestar la propia voluntad en el mundo físico. Es una carta de impulso y voluntad, que simboliza la chispa divina que enciende la motivación y el deseo de manifestar la propia voluntad en el mundo físico. Es una carta de impulso y voluntad, que simboliza la chispa divina que enciende la motivación y el deseo de manifestar la propia voluntad en el mundo físico. Es una carta de impulso y voluntad, que simboliza la chispa divina que enciende la motivación y el deseo de manifestar la propia voluntad en el mundo físico. Es una carta de impulso y voluntad, que simboliza la chispa divina que enciende la motivación y el deseo de manifestar la propia voluntad en el mundo físico. Es una carta de impulso y voluntad, que simboliza la chispa divina que enciende la motivación y el deseo de manifestar la propia voluntad en el mundo físico. Es una carta de impulso y voluntad, que simboliza la chispa divina que enciende la motivación y el deseo de manifestar la propia voluntad en el mundo físico. Es una carta de impulso y voluntad, que simboliza la chispa divina que enciende la motivación y el deseo de manifestar la propia voluntad en el mundo físico. Es una carta de impulso y voluntad, que simboliza la chispa divina que enciende la motivación y el deseo de manifestar la propia voluntad en el mundo físico. Es una carta de impulso y voluntad, que simboliza la chispa divina que enciende la motivación y el deseo de manifestar la propia voluntad en el mundo físico. Es una carta de impulso y voluntad, que simboliza la chispa divina que enciende la motivación y el deseo de manifestar la propia voluntad en el mundo físico. Es una carta de impulso y voluntad, que simboliza la chispa divina que enciende la motivación y el deseo de manifestar la propia voluntad en el mundo físico. Es una carta de impulso y voluntad, que simboliza la chispa divina que enciende la motivación y el deseo de manifestar la propia voluntad en el mundo físico. Es una carta de impulso y voluntad, que simboliza la chispa divina que enciende la motivación y el deseo de manifestar la propia voluntad en el mundo físico. Es una carta de impulso y voluntad, que simboliza la chispa divina que enciende la motivación y el deseo de manifestar la propia voluntad en el mundo físico. Es una carta de impulso y voluntad, que simboliza la chispa divina que enciende la motivación y el deseo de manifestar la propia voluntad en el mundo físico. Es una carta de impulso y voluntad, que simboliza la chispa divina que enciende la motivación y el deseo de manifestar la propia voluntad en el mundo físico. Es una carta de impulso y voluntad, que simboliza la chispa divina que enciende la motivación y el deseo de manifestar la propia voluntad en el mundo físico. Es una carta de impulso y voluntad, que simboliza la chispa divina que enciende la motivación y el deseo de manifestar la propia voluntad en el mundo físico. Es una carta de impulso y voluntad, que simboliza la chispa divina que enciende la motivación y el deseo de manifestar la propia voluntad en el mundo físico. Es una carta de impulso y voluntad, que simboliza la chispa divina que enciende la motivación y el deseo de manifestar la propia voluntad en el mundo físico. Es una carta de impulso y voluntad, que simboliza la chispa divina que enciende la motivación y el deseo de manifestar la propia voluntad en el mundo físico. Es una carta de impulso y voluntad, que simboliza la chispa divina que enciende la motivación y el deseo de manifestar la propia voluntad en el mundo físico. Es una carta de impulso y voluntad, que simboliza la chispa divina que enciende la motivación y el deseo de manifestar la propia voluntad en el mundo físico. Es una carta de impulso y voluntad, que simboliza la chispa divina que enciende la motivación y el deseo de manifestar la propia voluntad en el mundo físico. Es una carta de impulso y voluntad, que simboliza la chispa divina que enciende la motivación y el deseo de manifestar la propia voluntad en el mundo físico. Es una carta de impulso y voluntad, que simboliza la chispa divina que enciende la motivación y el deseo de manifestar la propia voluntad en el mundo físico. Es una carta de impulso y voluntad, que simboliza la chispa divina que enciende la motivación y el deseo de manifestar la propia voluntad en el mundo físico. Es una carta de impulso y voluntad, que simboliza la chispa divina que enciende la motivación y el deseo de manifestar la propia voluntad en el mundo físico. Es una carta de impulso y voluntad, que simboliza la chispa divina que enciende la motivación y el deseo de manifestar la propia voluntad en el mundo físico. Es una carta de impulso y voluntad, que simboliza la chispa divina que enciende la motivación y el deseo de manifestar la propia voluntad en el mundo físico. Es una carta de impulso y voluntad, que simboliza la chispa divina que enciende la motivación y el deseo de manifestar la propia voluntad en el mundo físico. Es una carta de impulso y voluntad, que simboliza la chispa divina que enciende la motivación y el deseo de manifestar la propia voluntad en el mundo físico. Es una carta de impulso y voluntad, que simboliza la chispa divina que enciende la motivación y el deseo de manifestar la propia voluntad en el mundo físico. Es una carta de impulso y voluntad, que simboliza la chispa divina que enciende la motivación y el deseo de manifestar la propia voluntad en el mundo físico. Es una carta de impulso y voluntad, que simboliza la chispa divina que enciende la motivación y el deseo de manifestar la propia voluntad en el mundo físico. Es una carta de impulso y voluntad, que simboliza la chispa divina que enciende la motivación y el deseo de manifestar la propia voluntad en el mundo físico. Es una carta de impulso y voluntad, que simboliza la chispa divina que enciende la motivación y el deseo de manifestar la propia voluntad en el mundo físico. Es una carta de impulso y voluntad, que simboliza la chispa divina que enciende la motivación y el deseo de manifestar la propia voluntad en el mundo físico. Es una carta de impulso y voluntad, que simboliza la chispa divina que enciende la motivación y el deseo de manifestar la propia voluntad en el mundo físico. Es una carta de impulso y voluntad, que simboliza la chispa divina que enciende la motivación y el deseo de manifestar la propia voluntad en el mundo físico. Es una carta de impulso y voluntad, que simboliza la chispa divina que enciende la motivación y el deseo de manifestar la propia voluntad en el mundo físico. Es una carta de impulso y voluntad, que simboliza la chispa divina que enciende la motivación y el deseo de manifestar la propia voluntad en el mundo físico. Es una carta de impulso y voluntad, que simboliza la chispa divina que enciende la motivación y el deseo de manifestar la propia voluntad en el mundo físico. Es una carta de impulso y voluntad, que simboliza la chispa divina que enciende la motivación y el deseo de manifestar la propia voluntad en el mundo físico. Es una carta de impulso y voluntad, que simboliza la chispa divina que enciende la motivación y el deseo de manifestar la propia voluntad en el mundo físico. Es una carta de impulso y voluntad, que simboliza la chispa divina que enciende la motivación y el deseo de manifestar la propia voluntad en el mundo físico. Es una carta de impulso y voluntad, que simboliza la chispa divina que enciende la motivación y el deseo de manifestar la propia voluntad en el mundo físico. Es una carta de impulso y voluntad, que simboliza la chispa divina que enciende la motivación y el deseo de manifestar la propia voluntad en el mundo físico. Es una carta de impulso y voluntad, que simboliza la chispa divina que enciende la motivación y el deseo de manifestar la propia voluntad en el mundo físico. Es una carta de impulso y voluntad, que simboliza la chispa divina que enciende la motivación y el deseo de manifestar la propia voluntad en el mundo físico. Es una carta de impulso y voluntad, que simboliza la chispa divina que enciende la motivación y el deseo de manifestar la propia voluntad en el mundo físico. Es una carta de impulso y voluntad, que simboliza la chispa divina que enciende la motivación y el deseo de manifestar la propia voluntad en el mundo físico. Es una carta de impulso y voluntad, que simboliza la chispa divina que enciende la motivación y el deseo de manifestar la propia voluntad en el mundo físico. Es una carta de impulso y voluntad, que simboliza la chispa divina que enciende la motivación y el deseo de manifestar la propia voluntad en el mundo físico. Es una carta de impulso y voluntad, que simboliza la chispa divina que enciende la motivación y el deseo de manifestar la propia voluntad en el mundo físico. Es una carta de impulso y voluntad, que simboliza la chispa divina que enciende la motivación y el deseo de manifestar la propia voluntad en el mundo físico. Es una carta de impulso y voluntad, que simboliza la chispa divina que enciende la motivación y el deseo de manifestar la propia voluntad en el mundo físico. Es una carta de impulso y voluntad, que simboliza la chispa divina que enciende la motivación y el deseo de manifestar la propia voluntad en el mundo físico. Es una carta de impulso y voluntad, que simboliza la chispa divina que enciende la motivación y el deseo de manifestar la propia voluntad en el mundo físico. Es una carta de impulso y voluntad, que simboliza la chispa divina que enciende la motivación y el deseo de manifestar la propia voluntad en el mundo físico. Es una carta de impulso y voluntad, que simboliza la chispa divina que enciende la motivación y el deseo de manifestar la propia voluntad en el mundo físico. Es una carta de impulso y voluntad, que simboliza la chispa divina que enciende la motivación y el deseo de manifestar la propia voluntad en el mundo físico. Es una carta de impulso y voluntad, que simboliza la chispa divina que enciende la motivación y el deseo de manifestar la propia voluntad en el mundo físico. Es una carta de impulso y voluntad, que simboliza la chispa divina que enciende la motivación y el deseo de manifestar la propia voluntad en el mundo físico. Es una carta de impulso y voluntad, que simboliza la chispa divina que enciende la motivación y el deseo de manifestar la propia voluntad en el mundo físico. Es una carta de impulso y voluntad, que simboliza la chispa divina que enciende la motivación y el deseo de manifestar la propia voluntad en el mundo físico. Es una carta de impulso y voluntad, que simboliza la chispa divina que enciende la motivación y el deseo de manifestar la propia voluntad en el mundo físico. Es una carta de impulso y voluntad, que simboliza la chispa divina que enciende la motivación y el deseo de manifestar la propia voluntad en el mundo físico. Es una carta de impulso y voluntad, que simboliza la chispa divina que enciende la motivación y el deseo de manifestar la propia voluntad en el mundo físico. Es una carta de impulso y voluntad, que simboliza la chispa divina que enciende la motivación y el deseo de manifestar la propia voluntad en el mundo físico. Es una carta de impulso y voluntad, que simboliza la chispa divina que enciende la motivación y el deseo de manifestar la propia voluntad en el mundo físico. Es una carta de impulso y voluntad, que simboliza la chispa divina que enciende la motivación y el deseo de manifestar la propia voluntad en el mundo físico. Es una carta de impulso y voluntad, que simboliza la chispa divina que enciende la motivación y el deseo de manifestar la propia voluntad en el mundo físico. Es una carta de impulso y voluntad, que simboliza la chispa divina que enciende la motivación y el deseo de manifestar la propia voluntad en el mundo físico. Es una carta de impulso y voluntad, que simboliza la chispa divina que enciende la motivación y el deseo de manifestar la propia voluntad en el mundo físico. Es una carta de impulso y voluntad, que simboliza la chispa divina que enciende la motivación y el deseo de manifestar la propia voluntad en el mundo físico. Es una carta de impulso y voluntad, que simboliza la chispa divina que enciende la motivación y el deseo de manifestar la propia voluntad en el mundo físico. Es una carta de impulso y voluntad, que simboliza la chispa divina que enciende la motivación y el deseo de manifestar la propia voluntad en el mundo físico. Es una carta de impulso y voluntad, que simboliza la chispa divina que enciende la motivación y el deseo de manifestar la propia voluntad en el mundo físico. Es una carta de impulso y voluntad, que simboliza la chispa divina que enciende la motivación y el deseo de manifestar la propia voluntad en el mundo físico. Es una carta de impulso y voluntad, que simboliza la chispa divina que enciende la motivación y el deseo de manifestar la propia voluntad en el mundo físico. Es una carta de impulso y voluntad, que simboliza la chispa divina que enciende la motivación y el deseo de manifestar la propia voluntad en el mundo físico. Es una carta de impulso y voluntad, que simboliza la chispa divina que enciende la motivación y el deseo de manifestar la propia voluntad en el mundo físico. Es una carta de impulso y voluntad, que simboliza la chispa divina que enciende la motivación y el deseo de manifestar la propia voluntad en el mundo físico. Es una carta de impulso y voluntad, que simboliza la chispa divina que enciende la motivación y el deseo de manifestar la propia voluntad en el mundo físico. Es una carta de impulso y voluntad, que simboliza la chispa divina que enciende la motivación y el deseo de manifestar la propia voluntad en el mundo físico. Es una carta de impulso y voluntad, que simboliza la chispa divina que enciende la motivación y el deseo de manifestar la propia voluntad en el mundo físico. Es una carta de impulso y voluntad, que simboliza la chispa divina que enciende la motivación y el deseo de manifestar la propia voluntad en el mundo físico. Es una carta de impulso y voluntad, que simboliza la chispa divina que enciende la motivación y el deseo de manifestar la propia voluntad en el mundo físico. Es una carta de impulso y voluntad, que simboliza la chispa divina que enciende la motivación y el deseo de manifestar la propia voluntad en el mundo físico. Es una carta de impulso y voluntad, que simboliza la chispa divina que enciende la motivación y el deseo de manifestar la propia voluntad en el mundo físico. Es una carta de impulso y voluntad, que simboliza la chispa divina que enciende la motivación y el deseo de manifestar la propia voluntad en el mundo físico. Es una carta de impulso y voluntad, que simboliza la chispa divina que enciende la motivación y el deseo de manifestar la propia voluntad en el mundo físico. Es una carta de impulso y voluntad, que simboliza la chispa divina que enciende la motivación y el deseo de manifestar la propia voluntad en el mundo físico. Es una carta de impulso y voluntad, que simboliza la chispa divina que enciende la motivación y el deseo de manifestar la propia voluntad en el mundo físico. Es una carta de impulso y voluntad, que simboliza la chispa divina que enciende la motivación y el deseo de manifestar la propia voluntad en el mundo físico. Es una carta de impulso y voluntad, que simboliza la chispa divina que enciende la motivación y el deseo de manifestar la propia voluntad en el mundo físico. Es una carta de impulso y voluntad, que simboliza la chispa divina que enciende la motivación y el deseo de manifestar la propia voluntad en el mundo físico. Es una carta de impulso y voluntad, que simboliza la chispa divina que enciende la motivación y el deseo de manifestar la propia voluntad en el mundo físico. Es una carta de impulso y voluntad, que simboliza la chispa divina que enciende la motivación y el deseo de manifestar la propia voluntad en el mundo físico. Es una carta de impulso y voluntad, que simboliza la chispa divina que enciende la motivación y el deseo de manifestar la propia voluntad en el mundo físico. Es una carta de impulso y voluntad, que simboliza la chispa divina que enciende la motivación y el deseo de manifestar la propia voluntad en el mundo físico. Es una carta de impulso y voluntad, que simboliza la chispa divina que enciende la motivación y el deseo de manifestar la propia voluntad en el mundo físico. Es una carta de impulso y voluntad, que simboliza la chispa divina que enciende la motivación y el deseo de manifestar la propia voluntad en el mundo físico. Es una carta de impulso y voluntad, que simboliza la chispa divina que enciende la motivación y el deseo de manifestar la propia voluntad en el mundo físico. Es una carta de impulso y voluntad, que simboliza la chispa divina que enciende la motivación y el deseo de manifestar la propia voluntad en el mundo físico. Es una carta de impulso y voluntad, que simboliza la chispa divina que enciende la motivación y el deseo de manifestar la propia voluntad en el mundo físico. Es una carta de impulso y voluntad, que simboliza la chispa divina que enciende la motivación y el deseo de manifestar la propia voluntad en el mundo físico. Es una carta de impulso y voluntad, que simboliza la chispa divina que enciende la motivación y el deseo de manifestar la propia voluntad en el mundo físico. Es una carta de impulso y voluntad, que simboliza la chispa divina que enciende la motivación y el deseo de manifestar la propia voluntad en el mundo físico. Es una carta de impulso y voluntad, que simboliza la chispa divina que enciende la motivación y el deseo de manifestar la propia voluntad en el mundo físico. Es una carta de impulso y voluntad, que simboliza la chispa divina que enciende la motivación y el deseo de manifestar la propia voluntad en el mundo físico. Es una carta de impulso y voluntad, que simboliza la chispa divina que enciende la motivación y el deseo de manifestar la propia voluntad en el mundo físico. Es una carta de impulso y voluntad, que simboliza la chispa divina que enciende la motivación y el deseo de manifestar la propia voluntad en el mundo físico. Es una carta de impulso y voluntad, que simboliza la chispa divina que enciende la motivación y el deseo de manifestar la propia voluntad en el mundo físico. Es una carta de impulso y voluntad, que simboliza la chispa divina que enciende la motivación y el deseo de manifestar la propia voluntad en el mundo físico. Es una carta de impulso y voluntad, que simboliza la chispa divina que enciende la motivación y el deseo de manifestar la propia voluntad en el mundo físico. Es una carta de impulso y voluntad, que simboliza la chispa divina que enciende la motivación y el deseo de manifestar la propia voluntad en el mundo físico. Es una carta de impulso y voluntad, que simboliza la chispa divina que enciende la motivación y el deseo de manifestar la propia voluntad en el mundo físico. Es una carta de impulso y voluntad, que simboliza la chispa divina que enciende la motivación y el deseo de manifestar la propia voluntad en el mundo físico. Es una carta de impulso y voluntad, que simboliza la chispa divina que enciende la motivación y el deseo de manifestar la propia voluntad en el mundo físico. Es una carta de impulso y voluntad, que simboliza la chispa divina que enciende la motivación y el deseo de manifestar la propia voluntad en el mundo físico. Es una carta de impulso y voluntad, que simboliza la chispa divina que enciende la motivación y el deseo de manifestar la propia voluntad en el mundo físico. Es una carta de impulso y voluntad, que simboliza la chispa divina que enciende la motivación y el deseo de manifestar la propia voluntad en el mundo físico. Es una carta de impulso y voluntad, que simboliza la chispa divina que enciende la motivación y el deseo de manifestar la propia voluntad en el mundo físico. Es una carta de impulso y voluntad, que simboliza la chispa divina que enciende la motivación y el deseo de manifestar la propia voluntad en el mundo físico. Es una carta de impulso y voluntad, que simboliza la chispa divina que enciende la motivación y el deseo de manifestar la propia voluntad en el mundo físico. Es una carta de impulso y voluntad, que simboliza la chispa divina que enciende la motivación y el deseo de manifestar la propia voluntad en el mundo físico. Es una carta de impulso y voluntad, que simboliza la chispa divina que enciende la motivación y el deseo de manifestar la propia voluntad en el mundo físico. Es una carta de impulso y voluntad, que simboliza la chispa divina que enciende la motivación y el deseo de manifestar la propia voluntad en el mundo físico. Es una carta de impulso y voluntad, que simboliza la chispa divina que enciende la motivación y el deseo de manifestar la propia voluntad en el mundo físico. Es una carta de impulso y voluntad, que simboliza la chispa divina que enciende la motivación y el deseo de manifestar la propia voluntad en el mundo físico. Es una carta de impulso y voluntad, que simboliza la chispa divina que enciende la motivación y el deseo de manifestar la propia voluntad en el mundo físico. Es una carta de impulso y voluntad, que simboliza la chispa divina que enciende la motivación y el deseo de manifestar la propia voluntad en el mundo físico. Es una carta de impulso y voluntad, que simboliza la chispa divina que enciende la motivación y el deseo de manifestar la propia voluntad en el mundo físico. Es una carta de impulso y voluntad, que simboliza la chispa divina que enciende la motivación y el deseo de manifestar la propia voluntad en el mundo físico. Es una carta de impulso y voluntad, que simboliza la chispa divina que enciende la motivación y el deseo de manifestar la propia voluntad en el mundo físico. Es una carta de impulso y voluntad, que simboliza la chispa divina que enciende la motivación y el deseo de manifestar la propia voluntad en el mundo físico. Es una carta de impulso y voluntad, que simboliza la chispa divina que enciende la motivación y el deseo de manifestar la propia voluntad en el mundo físico. Es una carta de impulso y voluntad, que simboliza la chispa divina que enciende la motivación y el deseo de manifestar la propia voluntad en el mundo físico. Es una carta de impulso y voluntad, que simboliza la chispa divina que enciende la motivación y el deseo de manifestar la propia voluntad en el mundo físico. Es una carta de impulso y voluntad, que simboliza la chispa divina que enciende la motivación y el deseo de manifestar la propia voluntad en el mundo físico. Es una carta de impulso y voluntad, que simboliza la chispa divina que enciende la motivación y el deseo de manifestar la propia voluntad en el mundo físico. Es una carta de impulso y voluntad, que simboliza la chispa divina que enciende la motivación y el deseo de manifestar la propia voluntad en el mundo físico. Es una carta de impulso y voluntad, que simboliza la chispa divina que enciende la motivación y el deseo de manifestar la propia voluntad en el mundo físico. Es una carta de impulso y voluntad, que simboliza la chispa divina que enciende la motivación y el deseo de manifestar la propia voluntad en el mundo físico. Es una carta de impulso y voluntad, que simboliza la chispa divina que enciende la motivación y el deseo de manifestar la propia voluntad en el mundo físico. Es una carta de impulso y voluntad, que simboliza la chispa divina que enciende la motivación y el deseo de manifestar la propia voluntad en el mundo físico. Es una carta de impulso y voluntad, que simboliza la chispa divina que enciende la motivación y el deseo de manifestar la propia voluntad en el mundo físico. Es una carta de impulso y voluntad, que simboliza la chispa divina que enciende la motivación y el deseo de manifestar la propia voluntad en el mundo físico. Es una carta de impulso y voluntad, que simboliza la chispa divina que enciende la motivación y el deseo de manifestar la propia voluntad en el mundo físico. Es una carta de impulso y voluntad, que simboliza la chispa divina que enciende la motivación y el deseo de manifestar la propia voluntad en el mundo físico. Es una carta de impulso y voluntad, que simboliza la chispa divina que enciende la motivación y el deseo de manifestar la propia voluntad en el mundo físico. Es una carta de impulso y voluntad, que simboliza la chispa divina que enciende la motivación y el deseo de manifestar la propia voluntad en el mundo físico. Es una carta de impulso y voluntad, que simboliza la chispa divina que enciende la motivación y el deseo de manifestar la propia voluntad en el mundo físico. Es una carta de impulso y voluntad, que simboliza la chispa divina que enciende la motivación y el deseo de manifestar la propia voluntad en el mundo físico. Es una carta de impulso y voluntad, que simboliza la chispa divina que enciende la motivación y el deseo de manifestar la propia voluntad en el mundo físico. Es una carta de impulso y voluntad, que simboliza la chispa divina que enciende la motivación y el deseo de manifestar la propia voluntad en el mundo físico. Es una carta de impulso y voluntad, que simboliza la chispa divina que enciende la motivación y el deseo de manifestar la propia voluntad en el mundo físico. Es una carta de impulso y voluntad, que simboliza la chispa divina que enciende la motivación y el deseo de manifestar la propia voluntad en el mundo físico. Es una carta de impulso y voluntad, que simboliza la chispa divina que enciende la motivación y el deseo de manifestar la propia voluntad en el mundo físico. Es una carta de impulso y voluntad, que simboliza la chispa divina que enciende la motivación y el deseo de manifestar la propia voluntad en el mundo físico. Es una carta de impulso y voluntad, que simboliza la chispa divina que enciende la motivación y el deseo de manifestar la propia voluntad en el mundo físico. Es una carta de impulso y voluntad, que simboliza la chispa divina que enciende la motivación y el deseo de manifestar la propia voluntad en el mundo físico. Es una carta de impulso y voluntad, que simboliza la chispa divina que enciende la motivación y el deseo de manifestar la propia voluntad en el mundo físico. Es una carta de impulso y voluntad, que simboliza la chispa divina que enciende la motivación y el deseo de manifestar la propia voluntad en el mundo físico. Es una carta de impulso y voluntad, que simboliza la chispa divina que enciende la motivación y el deseo de manifestar la propia voluntad en el mundo físico. Es una carta de impulso y voluntad, que simboliza la chispa divina que enciende la motivación y el deseo de manifestar la propia voluntad en el mundo físico. Es una carta de impulso y voluntad, que simboliza la chispa divina que enciende la motivación y el deseo de manifestar la propia voluntad en el mundo físico. Es una carta de impulso y voluntad, que simboliza la chispa divina que enciende la motivación y el deseo de manifestar la propia voluntad en el mundo físico. Es una carta de impulso y voluntad, que simboliza la chispa divina que enciende la motivación y el deseo de manifestar la propia voluntad en el mundo físico. Es una carta de impulso y voluntad, que simboliza la chispa divina que enciende la motivación y el deseo de manifestar la propia voluntad en el mundo físico. Es una carta de impulso y voluntad, que simboliza la chispa divina que enciende la motivación y el deseo de manifestar la propia voluntad en el mundo físico. Es una carta de impulso y voluntad, que simboliza la chispa divina que enciende la motivación y el deseo de manifestar la propia voluntad en el mundo físico. Es una carta de impulso y voluntad, que simboliza la chispa divina que enciende la motivación y el deseo de manifestar la propia voluntad en el mundo físico. Es una carta de impulso y voluntad, que simboliza la chispa divina que enciende la motivación y el deseo de manifestar la propia voluntad en el mundo físico. Es una carta de impulso y voluntad, que simboliza la chispa divina que enciende la motivación y el deseo de manifestar la propia voluntad en el mundo físico. Es una carta de impulso y voluntad, que simboliza la chispa divina que enciende la motivación y el deseo de manifestar la propia voluntad en el mundo físico. Es una carta de impulso y voluntad, que simboliza la chispa divina que enciende la motivación y el deseo de manifestar la propia voluntad en el mundo físico. Es una carta de impulso y voluntad, que simboliza la chispa divina que enciende la motivación y el deseo de manifestar la propia voluntad en el mundo físico. Es una carta de impulso y voluntad, que simboliza la chispa divina que enciende la motivación y el deseo de manifestar la propia voluntad en el mundo físico. Es una carta de impulso y voluntad, que simboliza la chispa divina que enciende la motivación y el deseo de manifestar la propia voluntad en el mundo físico. Es una carta de impulso y voluntad, que simboliza la chispa divina que enciende la motivación y el deseo de manifestar la propia voluntad en el mundo físico. Es una carta de impulso y voluntad, que simboliza la chispa divina que enciende la motivación y el deseo de manifestar la propia voluntad en el mundo físico. Es una carta de impulso y voluntad, que simboliza la chispa divina que enciende la motivación y el deseo de manifestar la propia voluntad en el mundo físico. Es una carta de impulso y voluntad, que simboliza la chispa divina que enciende la motivación y el deseo de manifestar la propia voluntad en el mundo físico. Es una carta de impulso y voluntad, que simboliza la chispa divina que enciende la motivación y el deseo de manifestar la propia voluntad en el mundo físico. Es una carta de impulso y voluntad, que simboliza la chispa divina que enciende la motivación y el deseo de manifestar la propia voluntad en el mundo físico. Es una carta de impulso y voluntad, que simboliza la chispa divina que enciende la motivación y el deseo de manifestar la propia voluntad en el mundo físico. Es una carta de impulso y voluntad, que simboliza la chispa divina que enciende la motivación y el deseo de manifestar la propia voluntad en el mundo físico. Es una carta de impulso y voluntad, que simboliza la chispa divina que enciende la motivación y el deseo de manifestar la propia voluntad en el mundo físico. Es una carta de impulso y voluntad, que simboliza la chispa divina que enciende la motivación y el deseo de manifestar la propia voluntad en el mundo físico. Es una carta de impulso y voluntad, que simboliza la chispa divina que enciende la motivación y el deseo de manifestar la propia voluntad en el mundo físico. Es una carta de impulso y voluntad, que simboliza la chispa divina que enciende la motivación y el deseo de manifestar la propia voluntad en el mundo físico. Es una carta de impulso y voluntad, que simboliza la chispa divina que enciende la motivación y el deseo de manifestar la propia voluntad en el mundo físico. Es una carta de impulso y voluntad, que simboliza la chispa divina que enciende la motivación y el deseo de manifestar la propia voluntad en el mundo físico. Es una carta de impulso y voluntad, que simboliza la chispa divina que enciende la motivación y el deseo de manifestar la propia voluntad en el mundo físico. Es una carta de impulso y voluntad, que simboliza la chispa divina que enciende la motivación y el deseo de manifestar la propia voluntad en el mundo físico. Es una carta de impulso y voluntad, que simboliza la chispa divina que enciende la motivación y el deseo de manifestar la propia voluntad en el mundo físico. Es una carta de impulso y voluntad, que simboliza la chispa divina que enciende la motivación y el deseo de manifestar la propia voluntad en el mundo físico. Es una carta de impulso y voluntad, que simboliza la chispa divina que enciende la motivación y el deseo de manifestar la propia voluntad en el mundo físico. Es una carta de impulso y voluntad, que simboliza la chispa divina que enciende la motivación y el deseo de manifestar la propia voluntad en el mundo físico. Es una carta de impulso y voluntad, que simboliza la chispa divina que enciende la motivación y el deseo de manifestar la propia voluntad en el mundo físico. Es una carta de impulso y voluntad, que simboliza la chispa divina que enciende la motivación y el deseo de manifestar la propia voluntad en el mundo físico. Es una carta de impulso y voluntad, que simboliza la chispa divina que enciende la motivación y el deseo de manifestar la propia voluntad en el mundo físico. Es una carta de impulso y voluntad, que simboliza la chispa divina que enciende la motivación y el deseo de manifestar la propia voluntad en el mundo físico. Es una carta de impulso y voluntad, que simboliza la chispa divina que enciende la motivación y el deseo de manifestar la propia voluntad en el mundo físico. Es una carta de impulso y voluntad, que simboliza la chispa divina que enciende la motivación y el deseo de manifestar la propia voluntad en el mundo físico. Es una carta de impulso y voluntad, que simboliza la chispa divina que enciende la motivación y el deseo de manifestar la propia voluntad en el mundo físico. Es una carta de impulso y voluntad, que simboliza la chispa divina que enciende la motivación y el deseo de manifestar la propia voluntad en el mundo físico. Es una carta de impulso y voluntad, que simboliza la chispa divina que enciende la motivación y el deseo de manifestar la propia voluntad en el mundo físico. Es una carta de impulso y voluntad, que simboliza la chispa divina que enciende la motivación y el deseo de manifestar la propia voluntad en el mundo físico. Es una carta de impulso y voluntad, que simboliza la chispa divina que enciende la motivación y el deseo de manifestar la propia voluntad en el mundo físico. Es una carta de impulso y voluntad, que simboliza la chispa divina que enciende la motivación y el deseo de manifestar la propia voluntad en el mundo físico. Es una carta de impulso y voluntad, que simboliza la chispa divina que enciende la motivación y el deseo de manifestar la propia voluntad en el mundo físico. Es una carta de impulso y voluntad, que simboliza la chispa divina que enciende la motivación y el deseo de manifestar la propia voluntad en el mundo físico. Es una carta de impulso y voluntad, que simboliza la chispa divina que enciende la motivación y el deseo de manifestar la propia voluntad en el mundo físico. Es una carta de impulso y voluntad, que simboliza la chispa divina que enciende la motivación y el deseo de manifestar la propia voluntad en el mundo físico. Es una carta de impulso y voluntad, que simboliza la chispa divina que enciende la motivación y el deseo de manifestar la propia voluntad en el mundo físico. Es una carta de impulso y voluntad, que simboliza la chispa divina que enciende la motivación y el deseo de manifestar la propia voluntad en el mundo físico. Es una carta de impulso y voluntad, que simboliza la chispa divina que enciende la motivación y el deseo de manifestar la propia voluntad en el mundo físico. Es una carta de impulso y voluntad, que simboliza la chispa divina que enciende la motivación y el deseo de manifestar la propia voluntad en el mundo físico. Es una carta de impulso y voluntad, que simboliza la chispa divina que enciende la motivación y el deseo de manifestar la propia voluntad en el mundo físico. Es una carta de impulso y voluntad, que simboliza la chispa divina que enciende la motivación y el deseo de manifestar la propia voluntad en el mundo físico. Es una carta de impulso y voluntad, que simboliza la chispa divina que enciende la motivación y el deseo de manifestar la propia voluntad en el mundo físico. Es una carta de impulso y voluntad, que simboliza la chispa divina que enciende la motivación y el deseo de manifestar la propia voluntad en el mundo físico. Es una carta de impulso y voluntad, que simboliza la chispa divina que enciende la motivación y el deseo de manifestar la propia voluntad en el mundo físico. Es una carta de impulso y voluntad, que simboliza la chispa divina que enciende la motivación y el deseo de manifestar la propia voluntad en el mundo físico. Es una carta de impulso y voluntad, que simboliza la chispa divina que enciende la motivación y el deseo de manifestar la propia voluntad en el mundo físico. Es una carta de impulso y voluntad, que simboliza la chispa divina que enciende la motivación y el deseo de manifestar la propia voluntad en el mundo físico. Es una carta de impulso y voluntad, que simboliza la chispa divina que enciende la motivación y el deseo de manifestar la propia voluntad en el mundo físico. Es una carta de impulso y voluntad, que simboliza la chispa divina que enciende la motivación y el deseo de manifestar la propia voluntad en el mundo físico. Es una carta de impulso y voluntad, que simboliza la chispa divina que enciende la motivación y el deseo de manifestar la propia voluntad en el mundo físico. Es una carta de impulso y voluntad, que simboliza la chispa divina que enciende la motivación y el deseo de manifestar la propia voluntad en el mundo físico. Es una carta de impulso y voluntad, que simboliza la chispa divina que enciende la motivación y el deseo de manifestar la propia voluntad en el mundo físico. Es una carta de impulso y voluntad, que simboliza la chispa divina que enciende la motivación y el deseo de manifestar la propia voluntad en el mundo físico. Es una carta de impulso y voluntad, que simboliza la chispa divina que enciende la motivación y el deseo de manifestar la propia voluntad en el mundo físico. Es una carta de impulso y voluntad, que simboliza la chispa divina que enciende la motivación y el deseo de manifestar la propia voluntad en el mundo físico. Es una carta de impulso y voluntad, que simboliza la chispa divina que enciende la motivación y el deseo de manifestar la propia voluntad en el mundo físico. Es una carta de impulso y voluntad, que simboliza la chispa divina que enciende la motivación y el deseo de manifestar la propia voluntad en el mundo físico. Es una carta de impulso y voluntad, que simboliza la chispa divina que enciende la motivación y el deseo de manifestar la propia voluntad en el mundo físico. Es una carta de impulso y voluntad, que simboliza la chispa divina que enciende la motivación y el deseo de manifestar la propia voluntad en el mundo físico. Es una carta de impulso y voluntad, que simboliza la chispa divina que enciende la motivación y el deseo de manifestar la propia voluntad en el mundo físico. Es una carta de impulso y voluntad, que simboliza la chispa divina que enciende la motivación y el deseo de manifestar la propia voluntad en el mundo físico. Es una carta de impulso y voluntad, que simboliza la chispa divina que enciende la motivación y el deseo de manifestar la propia voluntad en el mundo físico. Es una carta de impulso y voluntad, que simboliza la chispa divina que enciende la motivación y el deseo de manifestar la propia voluntad en el mundo físico. Es una carta de impulso y voluntad, que simboliza la chispa divina que enciende la motivación y el deseo de manifestar la propia voluntad en el mundo físico. Es una carta de impulso y voluntad, que simboliza la chispa divina que enciende la motivación y el deseo de manifestar la propia voluntad en el mundo físico. Es una carta de impulso y voluntad, que simboliza la chispa divina que enciende la motivación y el deseo de manifestar la propia voluntad en el mundo físico. Es una carta de impulso y voluntad, que simboliza la chispa divina que enciende la motivación y el deseo de manifestar la propia voluntad en el mundo físico. Es una carta de impulso y voluntad, que simboliza la chispa divina que enciende la motivación y el deseo de manifestar la propia voluntad en el mundo físico. Es una carta de impulso y voluntad, que simboliza la chispa divina que enciende la motivación y el deseo de manifestar la propia voluntad en el mundo físico. Es una carta de impulso y voluntad, que simboliza la chispa divina que enciende la motivación y el deseo de manifestar la propia voluntad en el mundo físico. Es una carta de impulso y voluntad, que simboliza la chispa divina que enciende la motivación y el deseo de manifestar la propia voluntad en el mundo físico. Es una carta de impulso y voluntad, que simboliza la chispa divina que enciende la motivación y el deseo de manifestar la propia voluntad en el mundo físico. Es una carta de impulso y voluntad, que simboliza la chispa divina que enciende la motivación y el deseo de manifestar la propia voluntad en el mundo físico. Es una carta de impulso y voluntad, que simboliza la chispa divina que enciende la motivación y el deseo de manifestar la propia voluntad en el mundo físico. Es una carta de impulso y voluntad, que simboliza la chispa divina que enciende la motivación y el deseo de manifestar la propia voluntad en el mundo físico. Es una carta de impulso y voluntad, que simboliza la chispa divina que enciende la motivación y el deseo de manifestar la propia voluntad en el mundo físico. Es una carta de impulso y voluntad, que simboliza la chispa divina que enciende la motivación y el deseo de manifestar la propia voluntad en el mundo físico. Es una carta de impulso y voluntad, que simboliza la chispa divina que enciende la motivación y el deseo de manifestar la propia voluntad en el mundo físico. Es una carta de impulso y voluntad, que simboliza la chispa divina que enciende la motivación y el deseo de manifestar la propia voluntad en el mundo físico. Es una carta de impulso y voluntad, que simboliza la chispa divina que enciende la motivación y el deseo de manifestar la propia voluntad en el mundo físico. Es una carta de impulso y voluntad, que simboliza la chispa divina que enciende la motivación y el deseo de manifestar la propia voluntad en el mundo físico. Es una carta de impulso y voluntad, que simboliza la chispa divina que enciende la motivación y el deseo de manifestar la propia voluntad en el mundo físico. Es una carta de impulso y voluntad, que simboliza la chispa divina que enciende la motivación y el deseo de manifestar la propia voluntad en el mundo físico. Es una carta de impulso y voluntad, que simboliza la chispa divina que enciende la motivación y el deseo de manifestar la propia voluntad en el mundo físico. Es una carta de impulso y voluntad, que simboliza la chispa divina que enciende la motivación y el deseo de manifestar la propia voluntad en el mundo físico. Es una carta de impulso y voluntad, que simboliza la chispa divina que enciende la motivación y el deseo de manifestar la propia voluntad en el mundo físico. Es una carta de impulso y voluntad, que simboliza la chispa divina que enciende la motivación y el deseo de manifestar la propia voluntad en el mundo físico. Es una carta de impulso y voluntad, que simboliza la chispa divina que enciende la motivación y el deseo de manifestar la propia voluntad en el mundo físico. Es una carta de impulso y voluntad, que simboliza la chispa divina que enciende la motivación y el deseo de manifestar la propia voluntad en el mundo físico. Es una carta de impulso y voluntad, que simboliza la chispa divina que enciende la motivación y el deseo de manifestar la propia voluntad en el mundo físico. Es una carta de impulso y voluntad, que simboliza la chispa divina que enciende la motivación y el deseo de manifestar la propia voluntad en el mundo físico. Es una carta de impulso y voluntad, que simboliza la chispa divina que enciende la motivación y el deseo de manifestar la propia voluntad en el mundo físico. Es una carta de impulso y voluntad, que simboliza la chispa divina que enciende la motivación y el deseo de manifestar la propia voluntad en el mundo físico. Es una carta de impulso y voluntad, que simboliza la chispa divina que enciende la motivación y el deseo de manifestar la propia voluntad en el mundo físico. Es una carta de impulso y voluntad, que simboliza la chispa divina que enciende la motivación y el deseo de manifestar la propia voluntad en el mundo físico. Es una carta de impulso y voluntad, que simboliza la chispa divina que enciende la motivación y el deseo de manifestar la propia voluntad en el mundo físico. Es una carta de impulso y voluntad, que simboliza la chispa divina que enciende la motivación y el deseo de manifestar la propia voluntad en el mundo físico. Es una carta de impulso y voluntad, que simboliza la chispa divina que enciende la motivación y el deseo de manifestar la propia voluntad en el mundo físico. Es una carta de impulso y voluntad, que simboliza la chispa divina que enciende la motivación y el deseo de manifestar la propia voluntad en el mundo físico. Es una carta de impulso y voluntad, que simboliza la chispa divina que enciende la motivación y el deseo de manifestar la propia voluntad en el mundo físico. Es una carta de impulso y voluntad, que simboliza la chispa divina que enciende la motivación y el deseo de manifestar la propia voluntad en el mundo físico. Es una carta de impulso y voluntad, que simboliza la chispa divina que enciende la motivación y el deseo de manifestar la propia voluntad en el mundo físico. Es una carta de impulso y voluntad, que simboliza la chispa divina que enciende la motivación y el deseo de manifestar la propia voluntad en el mundo físico. Es una carta de impulso y voluntad, que simboliza la chispa divina que enciende la motivación y el deseo de manifestar la propia voluntad en el mundo físico. Es una carta de impulso y voluntad, que simboliza la chispa divina que enciende la motivación y el deseo de manifestar la propia voluntad en el mundo físico. Es una carta de impulso y voluntad, que simboliza la chispa divina que enciende la motivación y el deseo de manifestar la propia voluntad en el mundo físico. Es una carta de impulso y voluntad, que simboliza la chispa divina que enciende la motivación y el deseo de manifestar la propia voluntad en el mundo físico. Es una carta de impulso y voluntad, que simboliza la chispa divina que enciende la motivación y el deseo de manifestar la propia voluntad en el mundo físico. Es una carta de impulso y voluntad, que simboliza la chispa divina que enciende la motivación y el deseo de manifestar la propia voluntad en el mundo físico. Es una carta de impulso y voluntad, que simboliza la chispa divina que enciende la motivación y el deseo de manifestar la propia voluntad en el mundo físico. Es una carta de impulso y voluntad, que simboliza la chispa divina que enciende la motivación y el deseo de manifestar la propia voluntad en el mundo físico. Es una carta de impulso y voluntad, que simboliza la chispa divina que enciende la motivación y el deseo de manifestar la propia voluntad en el mundo físico. Es una carta de impulso y voluntad, que simboliza la chispa divina que enciende la motivación y el deseo de manifestar la propia voluntad en el mundo físico. Es una carta de impulso y voluntad, que simboliza la chispa divina que enciende la motivación y el deseo de manifestar la propia voluntad en el mundo físico. Es una carta de impulso y voluntad, que simboliza la chispa divina que enciende la motivación y el deseo de manifestar la propia voluntad en el mundo físico. Es una carta de impulso y voluntad, que simboliza la chispa divina que enciende la motivación y el deseo de manifestar la propia voluntad en el mundo físico. Es una carta de impulso y voluntad, que simboliza la chispa divina que enciende la motivación y el deseo de manifestar la propia voluntad en el mundo físico. Es una carta de impulso y voluntad, que simboliza la chispa divina que enciende la motivación y el deseo de manifestar la propia voluntad en el mundo físico. Es una carta de impulso y voluntad, que simboliza la chispa divina que enciende la motivación y el deseo de manifestar la propia voluntad en el mundo físico. Es una carta de impulso y voluntad, que simboliza la chispa divina que enciende la motivación y el deseo de manifestar la propia voluntad en el mundo físico. Es una carta de impulso y voluntad, que simboliza la chispa divina que enciende la motivación y el deseo de manifestar la propia voluntad en el mundo físico. Es una carta de impulso y voluntad, que simboliza la chispa divina que enciende la motivación y el deseo de manifestar la propia voluntad en el mundo físico. Es una carta de impulso y voluntad, que simboliza la chispa divina que enciende la motivación y el deseo de manifestar la propia voluntad en el mundo físico. Es una carta de impulso y voluntad, que simboliza la chispa divina que enciende la motivación y el deseo de manifestar la propia voluntad en el mundo físico. Es una carta de impulso y voluntad, que simboliza la chispa divina que enciende la motivación y el deseo de manifestar la propia voluntad en el mundo físico. Es una carta de impulso y voluntad, que simboliza la chispa divina que enciende la motivación y el deseo de manifestar la propia voluntad en el mundo físico. Es una carta de impulso y voluntad, que simboliza la chispa divina que enciende la motivación y el deseo de manifestar la propia voluntad en el mundo físico. Es una carta de impulso y voluntad, que simboliza la chispa divina que enciende la motivación y el deseo de manifestar la propia voluntad en el mundo físico. Es una carta de impulso y voluntad, que simboliza la chispa divina que enciende la motivación y el deseo de manifestar la propia voluntad en el mundo físico. Es una carta de impulso y voluntad, que simboliza la chispa divina que enciende la motivación y el deseo de manifestar la propia voluntad en el mundo físico. Es una carta de impulso y voluntad, que simboliza la chispa divina que enciende la motivación y el deseo de manifestar la propia voluntad en el mundo físico. Es una carta de impulso y voluntad, que simboliza la chispa divina",es,0,14096,2,14098,0.0,[],"['reinventarse', 'reinventarse']"
21,"La carta de Tierra es una representación de la materia y la estabilidad. Es el punto final en el descenso del espíritu hacia la realidad tangible. La Tierra es el elemento que nos ayuda a comprender cómo nuestras creencias y emociones se traducen en acciones y manifestaciones físicas. Es el elemento que nos ayuda a evaluar nuestra relación con el dinero, la salud y el medio ambiente, promoviendo un enfoque equilibrado y sostenible que refleje nuestros valores más profundos.",es,0,79,0,79,0.0,[],[]
22,La carta de Agua es un reflejo de las profundidades emocionales y de los sentimientos. Es un espejo que revela secretos internos y permite la conexión emocional con otros.,es,0,29,0,29,0.0,[],[]
23,"La fuerza es la capacidad de sostener y nutrir la vida, proporcionando un terreno fértil para el crecimiento y la realización personal.",es,0,22,0,22,0.0,[],[]
