Fila,Prompt,Idioma original,en,es,unknown,total,contamination,words,unknown_words
0,"Beneath the waves of your deepest feelings, a steady hand builds bridges between the seen and the unseen. The foundations of your world are not shaken by the tides, but shaped by them, like sand sculpted by the rhythm of the sea. A crown of authority rests not upon commands, but upon the understanding that true power flows from the ability to navigate the currents of emotion, to stand firm yet flow with them. The mirror of your soul reflects not just what you see, but what you feel, and in this reflection lies the key to both your strength and your vulnerability. The water rises not to drown, but to reveal, and what you find in its depths is as much a part of you as the solid peak it overlooks.",en,114,17,1,132,0.129,"['a', 'are', 'sea', 'a', 'true', 'to', 'to', 'stand', 'soul', 'to', 'rises', 'to', 'to', 'as', 'a', 'as', 'solid']",['overlooks']
1,"The gentle dance of the waters, ever in balance, mirrors the harmony between thought and truth. The breath of the winds carries whispers of wisdom, weaving through the fabric of your mind like threads of gold. Each word, each thought, is a ripple on the still surface, reflecting the clarity that stirs within. The path before you is one of equilibrium, where the logic of the heart and the clarity of the intellect find their meeting point. Like the alchemist's measure, you hold the balance, transforming the chaos of thought into the crystal clarity of understanding. The world speaks in the language of your mind, and you, the interpreter, find the perfect response in the silence between words.",en,113,6,0,119,0.05,"['dance', 'balance', 'a', 'balance', 'chaos', 'response']",[]
2,"The rivers of possibility flow like sand, shifting with each tide, yet the foundation remains unshaken. A seed of potential lies buried in the soil, waiting for the rain of intention to coax it to life. The path before you is marked by the weight of substance, where every step is measured, and every action ripens into form. There is a quiet strength in the earth, a knowing that all things return to it, and from it, new growth takes root. The wind may howl, but the ground holds its ground, and in this holding, there is both stability and the promise of renewal. What you nurture in this season will bear fruit, not by speed, but by the patient dance of the sun and the sky.",en,117,10,0,127,0.079,"['a', 'buried', 'rain', 'to', 'to', 'a', 'a', 'to', 'holding', 'dance']",[]
3,"The path you walk is solid, a foundation laid by time and effort, where every step is measured and every corner of existence is tangible. The earth beneath you holds both the weight of your ambitions and the sustenance of your needs, a silent promise of stability in the face of change. Like roots deep in the ground, your efforts find depth, and like leaves, your actions bear the fruit of your labor. The world is your mirror, reflecting back the wealth of your experiences and the resources you've gathered. Yet, there is a quiet call to balance, to remember that all is fleeting, and to find harmony between the material and the eternal.",en,101,14,0,115,0.122,"['solid', 'a', 'time', 'tangible', 'a', 'labor', 've', 'a', 'to', 'balance', 'to', 'to', 'material', 'eternal']",[]
4,"The path you walk is firm and unyielding, like the roots of an ancient tree, grounded in the truth of your existence. The winds of change may sweep around you, but you stand, a sentinel of clarity, unafraid to see the world as it is. Your words are sharp, cutting through illusion, and your judgment is a blade that carves the path others may hesitate to tread. The earth at your feet is rich with possibility, not just for taking but for giving back, for you understand that all things material are but loans to be stewarded wisely. In the stillness of your presence, you find the balance between giving and receiving, and the world, in turn, mirrors your solidity.",en,106,13,1,120,0.108,"['stand', 'a', 'to', 'as', 'are', 'a', 'to', 'material', 'are', 'loans', 'to', 'be', 'balance']",['stewarded']
5,"The gentle ripples of a hidden spring echo through the chambers of the heart, where the depths of feeling and intuition weave their secret language. The solid ground beneath your feet is not just a foundation but a mirror, reflecting the ebb and flow of emotions that shape your world. As you walk, the water's whisper reminds you that every step is both a journey inward and a bridge to others. The warmth of this connection is not to be contained but to be shared, for the most profound truths are found in the flow between self and the world.",en,86,15,0,101,0.149,"['a', 'echo', 'solid', 'a', 'a', 'as', 'a', 'a', 'bridge', 'to', 'to', 'be', 'to', 'be', 'are']",[]
6,"The waters flow like a river, deep and boundless, carrying the echoes of joy and contentment. The roots of the trees drink from this source, their branches reaching for the sky, rooted in peace. The path meanders, yet the destination is clear, a sanctuary of harmony where the heart finds rest. The fire that once kindled the journey now glows softly, its warmth a gentle reminder of the passion that fueled the journey. Shadows and light dance together, each giving shape to the other, and in this balance, the soul finds its true home. The wind may rise, but the waters hold their course, a silent promise of return.",en,95,14,0,109,0.128,"['a', 'echoes', 'a', 'once', 'a', 'fueled', 'light', 'dance', 'to', 'balance', 'soul', 'true', 'rise', 'a']",[]
7,"In the stillness of the earth, a ripple stirs beneath the surface, where roots entangle and secrets lie hidden. The cup, half-filled, holds both the promise and the absence, a silent dialogue between what is and what is not. The water, neither too much nor too little, mirrors the balance of giving and receiving, as the earth hums with the weight of what has been gathered. A shadow lingers where the light falls short, a reminder of what the eye may overlook. The path is solid beneath, yet the steps are not traced, for the journey is known only to those who walk it. In this quiet, the essence of all things tangible and fleeting intertwines, like the breath between words yet unspoken.",en,107,17,0,124,0.137,"['a', 'lie', 'a', 'dialogue', 'too', 'too', 'balance', 'as', 'has', 'a', 'light', 'short', 'a', 'solid', 'are', 'to', 'tangible']",[]
8,"The blade glows with the heat of a thousand suns, a sentinel in the wildness of the storm. It stands not to wound, but to bear the weight of truth—naked, unyielding, a testament to the cost of vision. The wind howls through the emptiness, whispering of battles fought not for glory, but for the quiet courage of standing when all else crumbles. Shadows stretch long, but the fire within burns without fear, a spark that refuses to be extinguished by the gale. This is the quiet before the dawn, where the soul knows the price of will and the sacredness of endurance. The path lies bare before you, not leading, but revealing—the ten swords not as obstacles, but as mirrors, each reflection a whisper of the strength you carry.",en,114,17,0,131,0.13,"['a', 'a', 'to', 'to', 'a', 'to', 'standing', 'a', 'to', 'be', 'gale', 'soul', 'bare', 'ten', 'as', 'as', 'a']",[]
9,"The waters flow like a hidden stream, nourishing the roots of existence with every drop. A cup, overflowing with the essence of life, cradles the promise of abundance, yet its form is but a vessel, waiting to be poured or held. The earth beneath it is both foundation and fertilizer, a silent covenant between the seen and the unseen. What is poured into this cup becomes the landscape of reality, where every drop ripples through the material and the mundane, blurring the line between sustenance and transformation. The cup reminds that all things return to the source, yet the path is not to cling but to flow, to find balance in the ebb and the flow, to know that all things are interwoven in the great cycle.",en,112,15,0,127,0.118,"['a', 'a', 'a', 'to', 'be', 'a', 'reality', 'material', 'to', 'to', 'to', 'to', 'balance', 'to', 'are']",[]
10,"The waves rise and fall like whispers in the depths, carrying secrets that ripple across the soul's mirror. A spark of inspiration dances on the water's surface, yet its true fire lies hidden beneath, where the current pulls you deeper into the unknown. The path you tread is both a journey and a reflection, each step echoing with the rhythm of your heart's hidden dialogue. What flows from you is not just a wave, but a story, and the world will see in its turbulence the truth you have yet to voice. Let the current guide you, for it knows the way your emotions carve through the shadows, and what you find there will shape the shore you call home.",en,112,11,0,123,0.089,"['rise', 'soul', 'a', 'dances', 'true', 'a', 'a', 'dialogue', 'a', 'a', 'to']",[]
11,"The path before you is solid and unyielding, like the foundation of a ancient structure, where every step is measured and every burden is carried with care. The earth beneath your feet is not just a place to stand but a mirror to your own substance, where the intangible becomes visible and the fleeting, permanent. You hold the power to shape and be shaped by the world, each action a seed that grows or a stone that is laid. There is no rush, for time and effort weave together like roots, and what you build must stand in both storm and calm. The richness of the world is yours to tend, not to hoard but to nourish, and in the giving, you find the true measure of your presence.",en,107,22,0,129,0.171,"['solid', 'a', 'care', 'a', 'place', 'to', 'stand', 'a', 'to', 'intangible', 'visible', 'to', 'be', 'a', 'a', 'no', 'time', 'stand', 'to', 'to', 'to', 'true']",[]
12,"Bajo la luz de la luna, un rey de piedra se yergue, su corona de roble y nieve, testigo de un mar que no cesa de susurrar. Las olas que se alzan a sus pies no temen a su firmeza, pues en su quietud hallan orden, y en su profundidad, un espejo que devuelve cada riza y cada sombra. No es un wall que detiene el flujo, sino un manos que guían, recordando que la fuerza del río no se mide en su furia, sino en cómo nutre, cómo une, cómo se deja traversar sin perder su esencia. En cada ola que se alza, hay un eco de lo que una vez fue oculto y, al ser revelado, se transformó en luz.",es,1,120,1,122,0.008,['wall'],['traversar']
13,"La templanza fluye como un río sereno, equilibrando la mente y el spirit, mientras el aire carry los ecos de la sabiduridad. Cada respiro teje un hilo invisible entre lo pensado y lo comunicado, y en la armonía de esa danza, las ideas toman forma y se dejan carry por el viento, ligera y transparente. La claridad emerge como un espejo, reflejando la pureza del pensamiento y la grace con la que las palabras se entran en el gran diálogo del ser.",es,4,77,1,82,0.049,"['spirit', 'carry', 'carry', 'grace']",['sabiduridad']
14,"Bajo el peso de la tierra, las raíces se entrelanzan, tejiendo un manto verde que se extiende hasta donde la mirada puede reach. Cada sendero de arena se desvanece con el viento, pero el roble ancient sigue en pie, recordando que la solidez es la base del crecimiento. El río carries su canción de sabiduría, y las sombras del bosque susurran secretos que solo se revelan al paso lento. Lo que se siembra en la tierra, crece con el tiempo y la paciencia, y cada semilla carries la promesa de un futuro que se nutre desde dentro.",es,4,92,1,97,0.041,"['reach', 'ancient', 'carries', 'carries']",['entrelanzan']
15,"Bajo el peso de lo que se cose, la tierra se despoja de su manto y reveals the seeds of time. Each pebble in the path is a whisper, and the road is lined with the echoes of what has been sown. The wind carries the scent of roots, and the stones, though heavy, guide. There is a quiet solidity in what endures, and in the cracks, new life finds its way. The world, as it is, is both a mirror and a cradle.",es,57,27,0,84,0.679,"['reveals', 'the', 'seeds', 'of', 'each', 'pebble', 'in', 'the', 'path', 'is', 'whisper', 'and', 'the', 'road', 'is', 'lined', 'with', 'the', 'of', 'what', 'been', 'sown', 'the', 'wind', 'carries', 'the', 'scent', 'of', 'roots', 'and', 'the', 'stones', 'though', 'guide', 'there', 'is', 'quiet', 'solidity', 'in', 'what', 'and', 'in', 'the', 'new', 'life', 'finds', 'its', 'way', 'the', 'world', 'it', 'is', 'is', 'both', 'mirror', 'and', 'cradle']",[]
16,"Bajo la sombra de la noche, la reina se yalta con la luz de las estrellas, tejiendo su destino en la tierra. Su corona, pesada con sabiduría, se inclina ante lo concreto, recordando que cada semilla es un promesa y cada piedra, un paso. El viento carry su susurro, pero ella se afianza, sabiendo que la tormenta y la calma son dos faces de la misma truth. Su manos, callosas, acunan la promesa de la cosecha, mientras su corazón late al ritmo de la tierra. No hay camino sin polvor, ni amor sin perdida, pero en la solididad de lo known, finds el valor para seguir. La tierra no promete respuestas, pero ofrece un espejo donde ver who se es cuando el cielo y la tierra se find.",es,6,119,3,128,0.047,"['carry', 'truth', 'known', 'finds', 'who', 'find']","['yalta', 'polvor', 'solididad']"
17,"Bajo la luz de la luna, la reina se yerge en un bosque de hojas doradas, su presencia como un susurro en la brisa. Las raíces se entrelzan con el agua, y su corazón late al ritmo de las olas. No es un trono lo que ofrece, sino un espejo, donde el agua refleja no solo su imagen, sino las sombras que danzan en el lago de su alma. Cada gota es una promesa, cada ola una promesa, y en la profundidad de su ser, la verdad se desvela como un secreto guardado por la marea. No hay que temer la corriente, pues ella es la guía, y la sabiduría fluye como el río hacia el mar.",es,0,115,2,117,0.0,[],"['yerge', 'entrelzan']"
18,"Bajo el manto de la noche, las copas se alzan como vasos sagrados, repletos de un líquido que brilla con la luz de las estrellas. El fuego danzante en su interior pintan sombras fugaces en las paredes, recordando que cada gota es un eco de la vida que fluye y se renova. La mesa está generosa, pero los ojos que la contemplan sienten que hay un banquete más grande que lo material; las copas no se llenan solo de vino, sino de promesas y sueños. El calor del fuego acune la promesa de un invierno que purifica, y en su quietud, se escucha el susurro de una verdad: lo que se ha completado, como el año que se cierra, deja espacio para un nuevo ciclo donde la pasión y la voluntad tejen su propia historia.",es,0,134,1,135,0.0,[],['renova']
19,"En las aguas quietas de la Cuatro de Copas, el silencio se cubre de sombras, como hojas fluyendo suavemente en un lago sin waves. La copas, plenas y cerradas, guardan un secreto: la plenitud del vacuo, la dulzura del desapego. El elemento Tierra, como la arcilla, moldea la realidad, recordando que todo lo sólido se desvanece en el tiempo. La estabilidad se truece en fluidez, y la posesión, en release. El cuerpo y los recursos, como el suelo, nutren y dejan ir, en un balance misterioso entre tener y soltar. La manifestación material se convierte en un espejo, donde la esencia del ser brilla a través de lo tangible, invitando a ver más allá de lo que se puede tomar.",es,2,117,1,120,0.017,"['waves', 'release']",['truece']
20,"En la quietud de la noche, las somillas se desprenden, leaving behind a landscape stripped bare. The embers of passion still smolder, their light a fragile guide in the darkness. Yet, in this emptiness, there is freedom—room to breathe, to rise again, to weave new paths from the ashes. The heat of will still dances in the shadows, a silent promise that even the coldest wind cannot extinguish the spark within.",es,52,19,1,72,0.722,"['leaving', 'behind', 'landscape', 'stripped', 'the', 'embers', 'of', 'passion', 'still', 'smolder', 'their', 'fragile', 'guide', 'in', 'the', 'darkness', 'yet', 'in', 'this', 'emptiness', 'there', 'is', 'freedom', 'room', 'breathe', 'again', 'weave', 'new', 'paths', 'from', 'the', 'ashes', 'the', 'heat', 'of', 'will', 'still', 'in', 'the', 'shadows', 'silent', 'promise', 'that', 'even', 'the', 'coldest', 'wind', 'cannot', 'extinguish', 'the', 'spark', 'within']",['somillas']
21,"Bajo la luz de la luna, las copas se llenan hasta el borde, su contenido fluyendo como secretos susurrados entre la tierra y el cielo. La humedad del suelo abona el camino, y cada gota traza mapas efímeros en la piel del mundo. Lo que se derrama no es pérdida, sino ofrenda, y el barillo se mezcla con la tierra, nutriendo lo invisible. El cuerpo, este vasto reciprocio, guarda la promesa de transformar lo eterno en pedregón, y el soul, sedento, bebe de la fuente que no cesa de renacer. En el silencio entre lo que se dice y lo que se hace, la vida cultiva sus raíces, y la copas, siempre llenas, nos recallan que la abundancia es solo un paso en el gran circular de la existencia.",es,0,124,5,129,0.0,[],"['barillo', 'reciprocio', 'pedregón', 'sedento', 'recallan']"
22,"En las profundidades del agua, donde las emociones fluyen como secretos susurrados, un joven portador de bastos se detiene, escuchando la voz de su corazón. La intuición brota como burbujas en un lago sin fondo, revelando verdades ocultas bajo la superficie. Cada ola de sentimiento lo guía, como un faro en la bruma, hacia la comprensión de su propio ser. La empatía, como un puente invisible, une sus emociones con las de los demás, y en el vaivén de las olas, descubre la sabidría que fluye entre lo visible y lo oculto.",es,0,92,0,92,0.0,[],[]
23,"La fuerza emerge como un río sereno, fluyendo entre las ropas que se desprenden de la verdad, revelando la esencia ocana que se oculta bajo la appearance. La tierra, como un vasto campo, acoge esta energía, transformando la resistencia en creatividad, y la estabilidad en cuna de sueños concretos. Cada paso sobre su superficie es un diálogo entre lo tangible y lo etéreo, recordando que la manifestación es solo un paso en el gran ciclo de ser.",es,1,75,1,77,0.013,['appearance'],['ocana']
