Fila,Prompt,Idioma original,en,es,unknown,total,contamination,words,unknown_words
0,"The Emperor, with its connection to the Water element, represents a time of emotional strength and wisdom within the realm of feelings and intuition. As you journey through the landscape of your inner world, remember to embrace the power of Water to connect with your most intimate feelings and intuitive wisdom. Embrace the flow of emotions, allowing them to guide you on your path of self-discovery. The Emperor invites you to reflect on your emotional world, considering how your intuition and empathy influence your decision-making and interactions with others. In this journey, may you find the strength to honor your emotional sensitivity, fostering deeper connections and personal growth.",en,96,14,0,110,0.127,"['to', 'a', 'time', 'as', 'to', 'embrace', 'to', 'embrace', 'to', 'invites', 'to', 'to', 'honor', 'personal']",[]
1,"The Temperance card, with its connection to the Air element, symbolizes a time of mental clarity and communication within the realm of thought and communication. As you journey through the landscape of your inner world, remember to embrace the power of Air to connect with your thoughts and higher wisdom. Embrace the vital breath that links you to universal forces, allowing it to guide you on your path of self-discovery. The Temperance invites you to reflect on your internal dialogue, considering how your thoughts and words shape your personal reality. In this journey, may you find the strength to cultivate mental clarity and discernment, fostering a deeper understanding of yourself and your surroundings.",en,93,21,0,114,0.184,"['to', 'a', 'time', 'mental', 'as', 'to', 'embrace', 'to', 'embrace', 'vital', 'to', 'universal', 'to', 'invites', 'to', 'dialogue', 'personal', 'reality', 'to', 'mental', 'a']",[]
2,"The Three of Wands, with its connection to the Earth element, symbolizes a time of stability and resourcefulness within the material realm. As you journey through the landscape of your physical world, remember to embrace the power of Earth to sustain and nurture your growth. Embrace the tangible reality of your surroundings, allowing it to guide you on your path of self-discovery. The Three of Wands invites you to reflect on your relationship with the material plane, considering how your beliefs and emotions manifest in your actions and decisions. In this journey, may you find the strength to align your spiritual aspirations with your daily practices, fostering a balanced and sustainable approach to life.",en,96,19,0,115,0.165,"['to', 'a', 'time', 'material', 'as', 'to', 'embrace', 'to', 'embrace', 'tangible', 'reality', 'to', 'invites', 'to', 'material', 'plane', 'to', 'a', 'to']",[]
3,"The Ten of Pentacles, with its connection to the Earth element, represents a time of abundance and nurturing within the material realm. As you journey through the landscape of your physical world, remember to embrace the power of Earth to sustain and nurture your growth. Embrace the tangible reality of your surroundings, allowing it to guide you on your path of self-discovery. The Ten of Pentacles invites you to reflect on your relationship with the material plane, considering how your beliefs and emotions manifest in your actions and decisions. In this journey, may you find the strength to align your spiritual aspirations with your daily practices, fostering a balanced and sustainable approach to life.",en,94,21,0,115,0.183,"['ten', 'to', 'a', 'time', 'material', 'as', 'to', 'embrace', 'to', 'embrace', 'tangible', 'reality', 'to', 'ten', 'invites', 'to', 'material', 'plane', 'to', 'a', 'to']",[]
4,"The Queen of Swords, with its connection to the Earth element, symbolizes a time of stability and resourcefulness within the material realm. As you journey through the landscape of your physical world, remember to embrace the power of Earth to sustain and nurture your growth. Embrace the tangible reality of your surroundings, allowing it to guide you on your path of self-discovery. The Queen of Swords invites you to reflect on your relationship with the material plane, considering how your beliefs and emotions manifest in your actions and decisions. In this journey, may you find the strength to align your spiritual aspirations with your daily practices, fostering a balanced and sustainable approach to life.",en,94,21,0,115,0.183,"['queen', 'to', 'a', 'time', 'material', 'as', 'to', 'embrace', 'to', 'embrace', 'tangible', 'reality', 'to', 'queen', 'invites', 'to', 'material', 'plane', 'to', 'a', 'to']",[]
5,"The Queen of Pentacles, with its connection to the Water element, represents a time of nurturing and intuition within the emotional realm. As you journey through the landscape of your inner world, remember to embrace the power of Water to connect with your most intimate feelings and intuitive wisdom. Embrace the flow of emotions, allowing them to guide you on your path of self-discovery. The Queen of Pentacles invites you to reflect on your emotional world, considering how your intuition and empathy influence your decision-making and interactions with others. In this journey, may you find the strength to honor your emotional sensitivity, fostering deeper connections and personal growth.",en,94,16,0,110,0.145,"['queen', 'to', 'a', 'time', 'as', 'to', 'embrace', 'to', 'embrace', 'to', 'queen', 'invites', 'to', 'to', 'honor', 'personal']",[]
6,"The Ten of Cups, with its connection to the Fire element, represents a time of transformation and renewal within the realm of willpower and drive. As you journey through the landscape of your inner world, remember to harness the power of Fire to purify and reinvent yourself. Embrace the energy of Fire, allowing it to burn away the old and obsolete, making room for new creations. The Ten of Cups invites you to reflect on your drive and willpower, considering how your authentic desires manifest in your actions and decisions. In this journey, may you find the strength to consciously and deliberately use your inner power, fostering personal growth and transformation.",en,94,15,2,111,0.135,"['ten', 'to', 'a', 'time', 'as', 'to', 'to', 'embrace', 'to', 'ten', 'invites', 'to', 'to', 'use', 'personal']","['willpower', 'willpower']"
7,"The Four of Cups, with its connection to the Earth element, symbolizes a time of stability and resourcefulness within the material realm. As you journey through the landscape of your physical world, remember to embrace the power of Earth to sustain and nurture your growth. Embrace the tangible reality of your surroundings, allowing it to guide you on your path of self-discovery. The Four of Cups invites you to reflect on your relationship with the material plane, considering how your beliefs and emotions manifest in your actions and decisions. In this journey, may you find the strength to align your spiritual aspirations with your daily practices, fostering a balanced and sustainable approach to life.",en,96,19,0,115,0.165,"['to', 'a', 'time', 'material', 'as', 'to', 'embrace', 'to', 'embrace', 'tangible', 'reality', 'to', 'invites', 'to', 'material', 'plane', 'to', 'a', 'to']",[]
8,"The Ten of Swords, with its connection to the Fire element, symbolizes a time of transformation and renewal within the realm of willpower and drive. As you journey through the landscape of your inner world, remember to harness the power of Fire to purify and reinvent yourself. Embrace the energy of Fire, allowing it to burn away the old and obsolete, making room for new creations. The Ten of Swords invites you to reflect on your drive and willpower, considering how your authentic desires manifest in your actions and decisions. In this journey, may you find the strength to consciously and deliberately use your inner power, fostering personal growth and transformation.",en,94,15,2,111,0.135,"['ten', 'to', 'a', 'time', 'as', 'to', 'to', 'embrace', 'to', 'ten', 'invites', 'to', 'to', 'use', 'personal']","['willpower', 'willpower']"
9,"The Ace of Cups, with its connection to the Earth element, represents a time of abundance and nurturing within the material realm. As you journey through the landscape of your physical world, remember to cultivate a balanced and sustainable approach to your resources and environment. Embrace the fertile ground of Earth, allowing it to support and sustain your growth. The Ace of Cups invites you to reflect on your relationship with the material plane, considering how your spiritual aspirations align with your daily practices. In this journey, may you find harmony between your inner and outer worlds, fostering a sense of abundance and fulfillment.",en,89,15,0,104,0.144,"['to', 'a', 'time', 'material', 'as', 'to', 'a', 'to', 'embrace', 'to', 'invites', 'to', 'material', 'plane', 'a']",[]
10,"The Page of Wands, with its connection to the Water element, represents a time of exploration and discovery within the emotional realm. This card invites you to delve into the depths of your feelings, seeking hidden truths and understanding the impact of your emotions on your daily life. As you navigate the waters of your inner world, remember to honor your emotional sensitivity as a tool for connection and self-discovery. Embrace the flow of emotions and allow them to guide you on your journey of self-awareness and growth.",en,78,12,0,90,0.133,"['to', 'a', 'time', 'invites', 'to', 'as', 'to', 'honor', 'as', 'a', 'embrace', 'to']",[]
11,"The Strength card, in its connection to the Earth element, signifies a time of grounding and stability within the material realm. As you navigate the terrain of your physical world, remember to cultivate a balanced and sustainable approach to your resources and environment. Embrace the nurturing aspect of Earth, allowing it to support and sustain your growth. Strength invites you to reflect on your relationship with the material plane, considering how your spiritual aspirations align with your daily practices. In this journey, may you find harmony between your inner and outer worlds, fostering a sense of stability and fulfillment.",en,84,15,0,99,0.152,"['to', 'a', 'time', 'material', 'as', 'to', 'a', 'to', 'embrace', 'to', 'invites', 'to', 'material', 'plane', 'a']",[]
12,"La carta del Emperador representa un fuerte deseo de tomar el control de nuestra vida y de manifestar nuestras metas en acciones y manifestaciones físicas en formas concretas, incluyendo a través de la interacción y la gestión de nuestras emociones. La emociones son esencial para sostener y nutrir la vida, proporcion y gestion de nuestras acciones y decisiones. La emociones son esencial para comprender cómo de información y sus emociones se traducen en acciones y decisiones. La emociones, como parte de gestion de manera en la desgloses de efecto y se vuelven en formas concretas y se vuelven más en acciones y decisiones.",es,2,100,1,103,0.019,"['gestion', 'gestion']",['proporcion']
13,"La carta de Aire est a laz de laz de oxé, en la carta de laz de laz de oxígena de laz de oxí en laz de oxígen de laz de oxígen de laz de oxígen de laz de oxígen de laz de oxígen de laz de oxígen de laz de oxígen de laz de oxígen de laz de oxígen de laz de oxígen de laz de oxígen de laz de oxígen de laz de oxígen de laz de oxígen de laz de oxígen de laz de oxígen de laz de oxígen de laz de oxígen de laz de oxígen de laz de oxígen de laz de oxígen de laz de oxígen de laz de oxígen de laz de oxígen de laz de oxígen de laz de oxígen de laz de oxígen de laz de oxígen de laz de oxígen de laz de oxígen de laz de oxígen de laz de oxígen de laz de oxígen de laz de oxígen de laz de oxígen de laz de oxígen de laz de oxígen de laz de oxígen de laz de oxígen de laz de oxígen de laz de oxígen de laz de oxígen de laz de oxígen de laz de oxígen de laz de oxígen de laz de oxígen de laz de oxígen de laz de oxígen de laz de oxígen de laz de oxígen de laz de oxígen de laz de oxígen de laz de oxígen de laz de oxígen de laz de oxígen de laz de oxígen de laz de oxígen de laz de oxígen de laz de oxígen de laz de oxígen de laz de oxígen de laz de oxígen de laz de oxígen de laz de oxígen de laz de oxígen de laz de oxígen de laz de oxígen de laz de oxígen de laz de oxígen de laz de oxígen de laz de oxígen de laz de oxígen de laz de oxígen de laz de oxígen de laz de oxígen de laz de oxígen de laz de oxígen de laz de oxígen de laz de oxígen de laz de oxígen de laz de oxígen de laz de oxígen de laz de oxígen de laz de oxígen de la",es,89,186,87,362,0.246,"['laz', 'laz', 'laz', 'laz', 'laz', 'laz', 'laz', 'laz', 'laz', 'laz', 'laz', 'laz', 'laz', 'laz', 'laz', 'laz', 'laz', 'laz', 'laz', 'laz', 'laz', 'laz', 'laz', 'laz', 'laz', 'laz', 'laz', 'laz', 'laz', 'laz', 'laz', 'laz', 'laz', 'laz', 'laz', 'laz', 'laz', 'laz', 'laz', 'laz', 'laz', 'laz', 'laz', 'laz', 'laz', 'laz', 'laz', 'laz', 'laz', 'laz', 'laz', 'laz', 'laz', 'laz', 'laz', 'laz', 'laz', 'laz', 'laz', 'laz', 'laz', 'laz', 'laz', 'laz', 'laz', 'laz', 'laz', 'laz', 'laz', 'laz', 'laz', 'laz', 'laz', 'laz', 'laz', 'laz', 'laz', 'laz', 'laz', 'laz', 'laz', 'laz', 'laz', 'laz', 'laz', 'laz', 'laz', 'laz', 'laz']","['est', 'oxígena', 'oxí', 'oxígen', 'oxígen', 'oxígen', 'oxígen', 'oxígen', 'oxígen', 'oxígen', 'oxígen', 'oxígen', 'oxígen', 'oxígen', 'oxígen', 'oxígen', 'oxígen', 'oxígen', 'oxígen', 'oxígen', 'oxígen', 'oxígen', 'oxígen', 'oxígen', 'oxígen', 'oxígen', 'oxígen', 'oxígen', 'oxígen', 'oxígen', 'oxígen', 'oxígen', 'oxígen', 'oxígen', 'oxígen', 'oxígen', 'oxígen', 'oxígen', 'oxígen', 'oxígen', 'oxígen', 'oxígen', 'oxígen', 'oxígen', 'oxígen', 'oxígen', 'oxígen', 'oxígen', 'oxígen', 'oxígen', 'oxígen', 'oxígen', 'oxígen', 'oxígen', 'oxígen', 'oxígen', 'oxígen', 'oxígen', 'oxígen', 'oxígen', 'oxígen', 'oxígen', 'oxígen', 'oxígen', 'oxígen', 'oxígen', 'oxígen', 'oxígen', 'oxígen', 'oxígen', 'oxígen', 'oxígen', 'oxígen', 'oxígen', 'oxígen', 'oxígen', 'oxígen', 'oxígen', 'oxígen', 'oxígen', 'oxígen', 'oxígen', 'oxígen', 'oxígen', 'oxígen', 'oxígen', 'oxígen']"
14,"La carta del Tres de Bastos representa un fuerte deseo de conectar con nuestros sentimientos y emociones, y de manifestar nuestra verdadera naturaleza en el mundo material. En el contexto de la Carta de Tierra, el Tres de Bastos nos llama a sumergirnos en nuestro mundo emocional y a explorar nuestros sentimientos y conexiones con los demás.

Esta carta nos enseña a ser conscientes de nuestras emociones y a utilizar nuestra sensibilidad emocional como herramienta de conexión y autodescubrimiento. Al mismo tiempo, nos recuerda la importancia de mantener un equilibrio entre nuestras emociones y nuestras acciones cotidianas.

La lectura simbólica y poética de esta combinación de cartas nos enseña a valorar nuestra conexión con el mundo material y a comprender cómo nuestras emociones y conexiones con los demás se traducen en acciones y resultados concretos. Al reflexionar sobre nuestra relación con el plano material y cómo gestionamos nuestras emociones y conexiones, podemos alcanzar un equilibrio sostenible y alineado con nuestros valores más profundos.",es,0,161,2,163,0.0,[],"['sumergirnos', 'autodescubrimiento']"
15,"La carta del Diez de Oros representa un fuerte deseo de tomar el control de nuestra vida y de manifestar nuestras intenciones en el mundo material. En el contexto de la Carta de Tierra, el Diez de Oros nos llama a enfocarnos en la acción y la realización de nuestras metas, a través de la interacción con nuestro entorno y la gestión de nuestros recursos.

Esta carta nos enseña a ser proactivos y a tomar decisiones basadas en nuestras aspiraciones y valores, mientras nos enfrentamos a los desafíos del mundo material. Al mismo tiempo, nos recuerda la importancia de mantener un equilibrio entre nuestras aspiraciones espirituales y nuestras acciones cotidianas.

La lectura simbólica y poética de esta combinación de cartas nos enseña a valorar nuestra conexión con el mundo material y a comprender cómo nuestras emociones y creencias se traducen en acciones y resultados concretos. Al reflexionar sobre nuestra relación con el plano material y cómo gestionamos nuestros recursos, podemos alcanzar un equilibrio sostenible y alineado con nuestros valores más profundos.",es,0,170,1,171,0.0,[],['enfocarnos']
16,"La carta de la Reina de Espadas representa un fuerte deseo de tomar el control de nuestra vida y de manifestar nuestras intenciones en el mundo material. En el contexto de la Carta de Tierra, la Reina de Espadas nos llama a enfocarnos en la acción y la realización de nuestras metas, a través de la interacción con nuestro entorno y la gestión de nuestros recursos.

Esta carta nos enseña a ser proactivos y a tomar decisiones basadas en nuestras aspiraciones y valores, mientras nos enfrentamos a los desafíos del mundo material. Al mismo tiempo, nos recuerda la importancia de mantener un equilibrio entre nuestras aspiraciones espirituales y nuestras acciones cotidianas.

La lectura simbólica y poética de esta combinación de cartas nos enseña a valorar nuestra conexión con el mundo material y a comprender cómo nuestras emociones y creencias se traducen en acciones y resultados concretos. Al reflexionar sobre nuestra relación con el plano material y cómo gestionamos nuestros recursos, podemos alcanzar un equilibrio sostenible y alineado con nuestros valores más profundos.",es,0,171,1,172,0.0,[],['enfocarnos']
17,"La carta de la Reina de Oros representa un fuerte deseo de conectar con nuestros sentimientos y emociones, y de manifestar nuestra verdadera naturaleza en el mundo material. En el contexto de la Carta de Agua, la Reina de Oros nos llama a sumergirnos en nuestro mundo emocional y a explorar nuestros sentimientos y conexiones con los demás.

Esta carta nos enseña a ser conscientes de nuestras emociones y a utilizar nuestra sensibilidad emocional como herramienta de conexión y autodescubrimiento. Al mismo tiempo, nos recuerda la importancia de mantener un equilibrio entre nuestras emociones y nuestras acciones cotidianas.

La lectura simbólica y poética de esta combinación de cartas nos enseña a valorar nuestra conexión con el mundo material y a comprender cómo nuestras emociones y conexiones con los demás se traducen en acciones y resultados concretos. Al reflexionar sobre nuestra relación con el plano material y cómo gestionamos nuestras emociones y conexiones, podemos alcanzar un equilibrio sostenible y alineado con nuestros valores más profundos.",es,0,162,2,164,0.0,[],"['sumergirnos', 'autodescubrimiento']"
18,"La carta del Diez de Copas representa un fuerte impulso y voluntad para tomar el control de nuestra vida y manifestar nuestras intenciones en el mundo material. En el contexto de la Carta de Fuego, el Diez de Copas nos llama a enfocarnos en la acción y la realización de nuestras metas, a través de la expresión de nuestra fuerza vital y la canalización de nuestra energía interior.

Esta carta nos enseña a ser proactivos y a tomar decisiones basadas en nuestras aspiraciones y valores, mientras nos enfrentamos a los desafíos del mundo material. Al mismo tiempo, nos recuerda la importancia de reconocer y canalizar adecuadamente la fuerza interior que nos impulsa a manifestar nuestras intenciones.

La lectura simbólica y poética de esta combinación de cartas nos enseña a valorar nuestra conexión con el mundo material y a comprender cómo nuestra energía y voluntad se traducen en acciones y resultados concretos. Al reflexionar sobre nuestra relación con el plano material y cómo gestionamos nuestra energía y fuerza vital, podemos alcanzar un equilibrio sostenible y alineado con nuestros valores más profundos.",es,0,178,2,180,0.0,[],"['enfocarnos', 'adecuadamente']"
19,"La carta del Cuatro de Copas representa un fuerte deseo de conectar con nuestros sentimientos y emociones, y de manifestar nuestra verdadera naturaleza en el mundo material. En el contexto de la Carta de Tierra, el Cuatro de Copas nos llama a sumergirnos en nuestro mundo emocional y a explorar nuestros sentimientos y conexiones con los demás.

Esta carta nos enseña a ser conscientes de nuestras emociones y a utilizar nuestra sensibilidad emocional como herramienta de conexión y autodescubrimiento. Al mismo tiempo, nos recuerda la importancia de mantener un equilibrio entre nuestras emociones y nuestras acciones cotidianas.

La lectura simbólica y poética de esta combinación de cartas nos enseña a valorar nuestra conexión con el mundo material y a comprender cómo nuestras emociones y conexiones con los demás se traducen en acciones y resultados concretos. Al reflexionar sobre nuestra relación con el plano material y cómo gestionamos nuestras emociones y conexiones, podemos alcanzar un equilibrio sostenible y alineado con nuestros valores más profundos.",es,0,161,2,163,0.0,[],"['sumergirnos', 'autodescubrimiento']"
20,"La carta del Diez de Espadas representa un fuerte impulso y voluntad para tomar el control de nuestra vida y manifestar nuestras intenciones en el mundo material. En el contexto de la Carta de Fuego, el Diez de Espadas nos llama a enfocarnos en la acción y la realización de nuestras metas, a través de la expresión de nuestra fuerza vital y la canalización de nuestra energía interior.

Esta carta nos enseña a ser proactivos y a tomar decisiones basadas en nuestras aspiraciones y valores, mientras nos enfrentamos a los desafíos del mundo material. Al mismo tiempo, nos recuerda la importancia de reconocer y canalizar adecuadamente la fuerza interior que nos impulsa a manifestar nuestras intenciones.

La lectura simbólica y poética de esta combinación de cartas nos enseña a valorar nuestra conexión con el mundo material y a comprender cómo nuestra energía y voluntad se traducen en acciones y resultados concretos. Al reflexionar sobre nuestra relación con el plano material y cómo gestionamos nuestra energía y fuerza vital, podemos alcanzar un equilibrio sostenible y alineado con nuestros valores más profundos.",es,0,178,2,180,0.0,[],"['enfocarnos', 'adecuadamente']"
21,"La carta del As de Copas representa un fuerte deseo de tomar el control de nuestra vida y de manifestar nuestras intenciones en el mundo material. En el contexto de la Carta de Tierra, el As de Copas nos llama a enfocarnos en la acción y la realización de nuestras metas, a través de la interacción con nuestro entorno y la gestión de nuestros recursos.

Esta carta nos enseña a ser proactivos y a tomar decisiones basadas en nuestras aspiraciones y valores, mientras nos enfrentamos a los desafíos del mundo material. Al mismo tiempo, nos recuerda la importancia de mantener un equilibrio entre nuestras aspiraciones espirituales y nuestras acciones cotidianas.

La lectura simbólica y poética de esta combinación de cartas nos enseña a valorar nuestra conexión con el mundo material y a comprender cómo nuestras emociones y creencias se traducen en acciones y resultados concretos. Al reflexionar sobre nuestra relación con el plano material y cómo gestionamos nuestros recursos, podemos alcanzar un equilibrio sostenible y alineado con nuestros valores más profundos.",es,0,170,1,171,0.0,[],['enfocarnos']
22,"La carta del Paje de Bastos representa un viaje emocional y la búsqueda de conocimientos ocultos. Este personaje está en constante movimiento, buscando nuevas experiencias y conectando con su interior. En el contexto de la Carta de Agua, el Paje de Bastos se sumerge en el flujo de emociones y profundidades del subconsciente, explorando sus sentimientos y conectando con su verdadero ser.

Este viaje emocional es turbulento y lleno de descubrimientos, pero al mismo tiempo, permite al Paje de Bastos desarrollar una mayor comprensión de sí mismo y sus emociones. La conexión con el agua y la intuición le brinda la capacidad de empatizar con los demás, compartiendo sus experiencias y sentimientos.

La lectura simbólica y poética de esta carta invita al buscador a sumergirse en su mundo emocional y a explorar sus propios sentimientos. Al hacerlo, descubrirá más sobre sí mismo y cómo las emociones influyen en su vida diaria y en sus decisiones. La Carta de Agua y el Paje de Bastos nos enseñan a valorar nuestra sensibilidad emocional como una herramienta de conexión y autodescubrimiento.",es,0,175,3,178,0.0,[],"['sumergirse', 'hacerlo', 'autodescubrimiento']"
23,"La carta de La Fuerza representa un fuerte deseo de tomar el control de nuestra vida y de manifestar nuestras intenciones en el mundo material. En el contexto de la Carta de Tierra, La Fuerza nos llama a enfocarnos en la acción y la realización de nuestras metas, a través de la interacción con nuestro entorno y la gestión de nuestros recursos.

Esta carta nos enseña a ser proactivos y a tomar decisiones basadas en nuestras aspiraciones y valores, mientras nos enfrentamos a los desafíos del mundo material. Al mismo tiempo, nos recuerda la importancia de mantener un equilibrio entre nuestras aspiraciones espirituales y nuestras acciones cotidianas.

La lectura simbólica y poética de esta combinación de cartas nos enseña a valorar nuestra conexión con el mundo material y a comprender cómo nuestras emociones y creencias se traducen en acciones y resultados concretos. Al reflexionar sobre nuestra relación con el plano material y cómo gestionamos nuestros recursos, podemos alcanzar un equilibrio sostenible y alineado con nuestros valores más profundos.",es,0,167,1,168,0.0,[],['enfocarnos']
