Fila,Prompt,Idioma original,en,es,unknown,total,contamination,words,unknown_words
0,"In the realm of the subconscious, where the Emperor's command once sought to carve order from the fluid chaos, a new harmony emerges. The Emperor's stone throne, once a bastion of rigid control, now sits submerged, its power softened by the caress of the tides. Amidst this aquatic domain, the Emperor finds himself not a ruler, but a figurehead, his decrees dissolving into the whirlpools of feeling. Here, in the heart of the water's embrace, the Emperor's stern gaze becomes reflective, a mirror to the soul's depths. The waters, both soothing and tempestuous, teach him the language of the heart, a dialect of currents and undercurrents. In this liquid world, the Emperor learns to navigate the rivers of emotion, his authority not waning but evolving into a gentle guidance, a hand that steers rather than dictates. The Emperor, once a solitary sentinel, now understands the power of unity, the strength found in the ebb and flow of shared waters. In this communion with the watery self, the Emperor becomes a guardian of the emotional realm, a protector of the inner seas where the truths of the heart are written in the language of the waves.",en,173,27,0,200,0.135,"['once', 'to', 'fluid', 'chaos', 'a', 'emerges', 'once', 'a', 'control', 'a', 'a', 'here', 'embrace', 'a', 'to', 'soul', 'a', 'to', 'a', 'a', 'once', 'a', 'a', 'a', 'protector', 'seas', 'are']",[]
1,"In the alchemy of the mind, the Temperance card whispers of a harmonious blend, where thoughts dance with the ethereal winds of Air. Here, ideas are not mere whispers but the breath of creation, each syllable a spark that can ignite the world. The seeker is called to the crucible of consciousness, where the elixir of wisdom is distilled from the vapors of contemplation. In this space, the voice within becomes the oracle, and every word a potential bridge to the infinite. The Temperance card reminds us that our inner dialogue is the loom upon which the tapestry of our reality is woven, each thread a choice, each pattern a testament to the power of our communion with the airy realms of thought. Breathe deeply, for in the act of inhalation and exhalation lies the secret to unlocking the boundless potential of the mind.",en,125,19,0,144,0.132,"['a', 'dance', 'here', 'ideas', 'are', 'mere', 'a', 'can', 'to', 'elixir', 'a', 'bridge', 'to', 'dialogue', 'reality', 'a', 'a', 'to', 'to']",[]
2,"In the quiet expanse of your inner landscape, the Three of Wands stands as a beacon, its flames flickering with the promise of distant horizons. Here, upon the fertile soil of your being, the seeds of intention have taken root, nurtured by the earth's rich tapestry of resources. The wands are not mere symbols of ambition but the very sinews of your aspirations, reaching towards the heavens, grounded in the earth's embrace. They are the bridges between the ethereal and the tangible, the dreams that take shape in the material world. The horizon, vast and teeming with potential, whispers of journeys yet to unfold, of landscapes to be traversed. In this dance of earth and sky, you are both the architect and the dwelling, the seeker and the sought. Your presence is a testament to the alchemy of creation, where the earth's bounty meets the fire of your spirit, forging a reality that mirrors the depths of your soul's yearning. Here, in the heart of the material, lies the sacred garden of your desires, a place where every resource is a vessel for your growth, every challenge an opportunity for your evolution. Embrace the earth's wisdom, for it is in her generous soil that your deepest intentions may flourish.",en,188,26,0,214,0.121,"['as', 'a', 'here', 'are', 'mere', 'embrace', 'are', 'tangible', 'material', 'to', 'to', 'be', 'dance', 'are', 'a', 'to', 'a', 'reality', 'soul', 'here', 'material', 'a', 'place', 'a', 'embrace', 'her']",[]
3,"In the quietude of the earth's embrace, you stand amidst the tapestry of your legacy, a lineage woven with the golden threads of generational wisdom. The Ten of Pentacles unfurls before you, a testament to the cyclical nature of abundance and the interconnectedness of all things. Here, in the fertile soil of your endeavors, the seeds of your aspirations have taken root, nurtured by the rains of perseverance and the sun of intention. The branches of your family tree stretch towards the sky, laden with the fruits of your labor, a bounty that promises sustenance for generations to come. This is a moment of reflection, where the earth's solidity anchors you to the present, while the winds of change whisper of the future's promise. Embrace the stability that your foundations offer, for they are the bedrock upon which your dreams are built. In this sacred communion with the material world, may you find the strength to cultivate a garden of prosperity, where the roots of your well-being are deeply entwined with the essence of the earth, and the fruits of your spirit are shared with the world.",en,166,23,2,191,0.12,"['quietude', 'embrace', 'stand', 'a', 'ten', 'a', 'to', 'nature', 'here', 'labor', 'a', 'to', 'come', 'a', 'to', 'embrace', 'are', 'are', 'material', 'to', 'a', 'are', 'are']","['unfurls', 'interconnectedness']"
4,"In the realm of earthly endeavors, the Queen of Swords stands as a sentinel, her gaze piercing through the veil of the mundane. She is the embodiment of clarity and decisiveness, her sword not a weapon of destruction but a chisel carving paths through the dense soil of uncertainty. Her crown, woven from the verdant canopy above, speaks of a throne not of gold but of the fertile ground beneath our feet. She sits in judgment, not of morality, but of the tangible, the real, the resources that sustain and challenge. Her presence is a reminder that the earth is both a nurturing mother and a formidable adversary, offering sustenance and demanding respect in equal measure. The Queen's realm is one where the material and the spiritual converge, where the fruits of inner wisdom ripen into actions that nourish the body and the soul. She invites you to embrace the earth as a canvas, to paint upon it with the colors of your aspirations, and to tend to it with the care of a gardener who knows each blade of grass, each stone, each drop of water holds a secret to the dance of existence.",en,161,35,0,196,0.179,"['queen', 'as', 'a', 'her', 'her', 'a', 'a', 'dense', 'her', 'a', 'tangible', 'real', 'her', 'a', 'a', 'a', 'formidable', 'queen', 'material', 'converge', 'body', 'soul', 'invites', 'to', 'embrace', 'as', 'a', 'to', 'to', 'to', 'care', 'a', 'a', 'to', 'dance']",[]
5,"In the garden of your inner sanctum, the Queen of Pentacles tends to the rich soil of your soul with a gentle, yet firm hand. Her presence is a testament to the nurturing of emotions, where each feeling is a seed sown with intention, its roots delving deep into the fertile ground of your subconscious. She stands as a guardian of your inner temple, her eyes reflecting the tranquil waters that mirror the depths of your being. Her touch is the caress of understanding, her gaze the silent recognition of your hidden truths. In her embrace, the tumult of the emotional sea calms, revealing the luminous pearls of intuitive wisdom that rise to the surface. Here, in the sanctity of your own heart, the Queen invites you to bathe in the waters of self-awareness, to dive into the currents of your own empathy, and to emerge with a deeper connection to the essence of your being. In this sacred communion with your emotions, you find the strength to navigate the tides of life with grace and wisdom, your heart a vessel of compassion, your spirit a beacon of inner light.",en,157,34,0,191,0.178,"['queen', 'to', 'soul', 'a', 'her', 'a', 'to', 'a', 'as', 'a', 'temple', 'her', 'eyes', 'tranquil', 'her', 'her', 'her', 'embrace', 'sea', 'rise', 'to', 'here', 'queen', 'invites', 'to', 'to', 'to', 'emerge', 'a', 'to', 'to', 'a', 'a', 'light']",[]
6,"In the quiet chambers of the heart, a wellspring of emotions stirs, its ripples casting a myriad of reflections upon the walls of our inner sanctum. The Ten of Cups emerges, a vessel brimming with the essence of joy, a tapestry of life's most poignant moments woven with the golden threads of passion and purpose. Amidst the flames of desire, a phoenix rises, its fiery essence a beacon of transformation, illuminating the path from the ashes of the old to the bloom of the new. Here, in the crucible of will, the alchemy of the soul transmutates the leaden weight of sorrow into the radiant gold of fulfillment. The Ten of Cups whispers of a journey where each step is a dance with destiny, each breath a symphony of intention, each heartbeat a drumbeat of the divine will that courses through the veins of creation. In this dance, the seeker is both the choreographer and the dancer, orchestrating a ballet of life with the baton of will, each movement a testament to the power of purpose harnessed and the beauty of a life lived in harmony with the fire of one's deepest desires.",en,168,26,1,195,0.133,"['a', 'casting', 'a', 'ten', 'emerges', 'a', 'a', 'a', 'rises', 'a', 'to', 'here', 'soul', 'ten', 'a', 'a', 'dance', 'a', 'a', 'divine', 'dance', 'a', 'ballet', 'a', 'to', 'a']",['transmutates']
7,"In the quietude of your earthly embrace, the Four of Cups whispers of a solitary journey through the realm of tangible desires. Here, the soil of your being is fertile with the seeds of introspection, each cup a vessel of your innermost reflections, cast adrift upon the winds of change. The earth beneath your feet grounds you, a steadfast witness to the ebb and flow of your material aspirations. Amidst the abundance that surrounds you, a sense of detachment pervades, as if the sustenance you seek lies not in the accumulation of wealth but in the quiet recognition of your own worth. The Four of Cups beckons you to turn away from the mundane offerings that fail to stir your soul, to seek instead the nourishment that aligns with your deepest yearnings. In this earthly dance of resources, you are both the gardener and the garden, tending to the growth of your spirit with the care of one who understands the delicate balance between the seen and the unseen, the transient and the eternal.",en,152,22,0,174,0.126,"['quietude', 'embrace', 'a', 'tangible', 'here', 'a', 'a', 'to', 'material', 'a', 'as', 'to', 'to', 'soul', 'to', 'instead', 'dance', 'are', 'to', 'care', 'balance', 'eternal']",[]
8,"In the twilight of your soul's journey, the Ten of Swords beckons, its blades a chorus of whispers in the wind of your will. Amidst the embers of transformation, your inner fire burns with the fervor of creation, a crucible of potential and purpose. Here, in the crux of your being, lies the alchemy of your essence, a confluence of desire and destiny. The swords pierce the veil of the old, a sacrifice upon the altar of your own making. From this ritual of release, the phoenix of your renewed spirit rises, its wings unfurling against the canvas of a new dawn. Embrace the fire that forges your path, for within its flames, your truest self is revealed, a beacon of light guiding you through the shadows of doubt and into the clarity of purpose. Let the fire within you be both your compass and your anchor, a testament to the indomitable will that propels you forward. In the heart of the storm, let your inner fire burn bright, a lighthouse for the soul's journey home.",en,154,22,2,178,0.124,"['soul', 'ten', 'a', 'fervor', 'a', 'here', 'a', 'a', 'altar', 'ritual', 'rises', 'a', 'embrace', 'a', 'light', 'be', 'anchor', 'a', 'to', 'bright', 'a', 'soul']","['unfurling', 'propels']"
9,"In the quietude of the earth's embrace, a chalice emerges from the soil, its cup brimming with the purest of waters. This is the genesis of abundance, a wellspring of emotion that rises from the depths of the soul, untouched by the corrosion of time. It is the promise of new beginnings, a tender seedling that reaches towards the light with the tenacity of a thousand roots. Here, in the fertile ground of the material world, the heart's desires are sown, nurtured by the earth's unwavering support. The Ace of Cups whispers of a love so profound it transcends the physical, a love that is the very essence of creation, the divine spark that ignites the world's heartbeat. It is a reminder that within the embrace of the earth, our deepest feelings find form, our innermost visions take shape, and our truest connections are forged. In this sacred union of spirit and matter, we find the strength to nurture our dreams, to cultivate a garden of possibilities that flourishes in the rich soil of our intentions.",en,154,25,1,180,0.139,"['quietude', 'embrace', 'a', 'emerges', 'a', 'rises', 'soul', 'time', 'a', 'tender', 'light', 'a', 'here', 'material', 'are', 'a', 'so', 'a', 'divine', 'a', 'embrace', 'are', 'to', 'to', 'a']",['purest']
10,"In the realm of flickering flames, the Page of Wands stands at the edge of a tranquil pool, eyes reflecting the dance of light upon the water's surface. The wands held aloft, their tips ablaze with the fervor of new beginnings, pierce the veil between earthly ambition and the fluid depths below. Here, in the space where fire meets water, the Page learns the language of emotion, the subtle ripples and currents that carry whispers of the soul's desires. Each spark that lands upon the water sends out circles of light, a symbol of intention cast into the subconscious, where dreams are nurtured and shaped by the tides of feeling. The Page's journey is one of balance, where the fiery drive is tempered by the empathetic understanding of the heart's true yearnings. In this sacred communion, the Page discovers the alchemy of transformation, where the heat of passion meets the cool embrace of empathy, giving rise to a new understanding of self and the world around.",en,151,18,1,170,0.106,"['a', 'tranquil', 'eyes', 'dance', 'light', 'fervor', 'fluid', 'here', 'soul', 'light', 'a', 'are', 'balance', 'true', 'embrace', 'rise', 'to', 'a']",['empathetic']
11,"In the quietude of the earth's embrace, the Strength within you is not merely a force to be tamed but a gentle, steadfast presence. It is the lion lying down with the lamb, the serenity that comes from knowing the stability of your foundation. Your strength is in the fertile soil, in the roots that anchor you, and in the seeds that you plant with intention. It is the resilience of the tree that bends in the storm but does not break, the quiet power in the stillness of the mountain. The earth's resources are your sustenance, a reflection of the abundance you carry within. Embrace the nurturing embrace of the earth, for it is there you will find the balance between the tangible and the ethereal, the material and the spiritual. In this harmony, your strength will not only sustain you but will also become a source of life for others, a testament to the enduring connection between the inner and the outer worlds.",en,147,20,0,167,0.12,"['quietude', 'embrace', 'a', 'to', 'be', 'a', 'down', 'comes', 'anchor', 'break', 'are', 'a', 'embrace', 'embrace', 'balance', 'tangible', 'material', 'a', 'a', 'to']",[]
12,"En el dominio de las olas, el Emperador se erige, una figura de estructura y autoridad, cuya presencia tranquiliza las aguas agitadas. Su sceptra, cargado con anillos, promete la eternidad de los ciclos y la armonía entre lo establecido y lo fluido. Bajo su sombra, las corrientes encuentran un punto de referencia, y las profundidades revelan sus secretos a los que están dispuestos a sumergirse. La sabiduría de su mirada penetra a través de las capas de la emoción, ofreciendo un camino a través de las tormentas internas. El Emperador, en su imperio de sentimientos, no domina, sino que guía con mano firme pero compasiva, recordándonos que incluso en la más oscura de las noches, la estrella de la razón y la compasión puede guiar nuestro camino hacia la serenidad.",es,0,127,3,130,0.0,[],"['sceptra', 'sumergirse', 'recordándonos']"
13,"En el delicado equilibrio entre el viento que susurra los secretos del universo y el alma que escucha, se teje la trama de la existencia. La Templanza, en su danza con el Aire, invita a contemplar la efímera naturaleza de la forma y la materia. Cada respiración es un hilo en el tejido de la realidad, un suspiro que puede desatar o contener las fuerzas que mueven el mundo. En este espacio aéreo, las ideas se despliegan como estelas en el cielo nocturno, guiándonos a través de la noche de la incertidumbre hacia la aurora de la comprensión. La Templanza, guardiana de este santuario, nos enseña a medir cada palabra, a saborear cada pensamiento, y a renunciar a aquellos que vuelan lejos de nuestro camino. En este intercambio, la sabiduría se funde con la voluntad, y el conocimiento se convierte en luz que ilumina nuestro camino, guiándonos con la gracia de un viento que nos susurra los secretos del alma.",es,0,158,2,160,0.0,[],"['guiándonos', 'guiándonos']"
14,"En el huerto de la existencia, las raíces de tus deseos se entrelazan con la tierra fértil, prometiendo un ciclo de abundancia. La lluvia de las circunstancias se une al sol de tus esfuerzos, y cada gota, cada rayo, es un susurro de la naturaleza que invita a la creación. Aquí, en este entorno de pleno material, tu espíritu se encuentra en diálogo con lo concreto, tejiendo entre las sombras y la luz, entre el aire y la tierra, una danza de equilibrio y armonía. La tierra te ofrece su abrazo, un santuario de posibilidades, donde cada paso resuena con la promesa de la manifestación. En este plano, recuerda que cada semilla que plantas con intención, cada grano de ambición que siembras con cariño, tiene el potencial de florecer en un jardín de realidades tangibles. La tierra te insta a ser fiel a tus raíces, a nutrir tus sueños con la constancia de las estaciones y a recibir con gratitud cada fruto de tus labores. En este intercambio, encuentras la sabiduría para transformar tus visiones en formas que pueden ser sentidas, vistas y compartidas, en un ciclo que celebra la unión entre lo eterno y lo efímero.",es,0,197,0,197,0.0,[],[]
15,"En el huerto de la existencia, las raíces de nuestras intenciones se entrelazan con la tierra fértil de la realidad. El Diez de Oros emerge, un ciclo completo de transformación, donde lo etéreo se ancla en la solididad de lo material. Aquí, cada hoja que cae es un susurro de abandono, un entregar al suelo que, con su compostaje, promete un brote más rico, más resiliente. El ciclo de la vida se honra, y en su honor, cada gesto, cada decisión, cada pensamiento toma forma, cobra peso. La tierra, testigo de nuestras metamorfosis, nos recibe con brazos abiertos, lista para nutrir nuestro crecimiento y sostener nuestras aspiraciones. En este encuentro, el consultante se encuentra en un umbral, donde la sabiduría de la naturaleza invita a abrazar la plenitud de lo tangible, a reconocer que cada grano de arena, cada dólar, cada caloría es un lienzo para la expresión de lo divino que reside en cada uno de nosotros. La Tierra, en su inmensa generosidad, ofrece su cintura para que podamos, con manos de tierra, moldear el legado que deseamos dejar imprimido en el mundo.",es,0,183,1,184,0.0,[],['solididad']
16,"En el encanto de la tierra, la Reina de Espadas se alza, majestuosa y firme. Su corona, forjada de experiencias y lecciones aprendidas, resplandece con la sabiduría de lo que ha sido cosechado. Su manto, tejido de decisiones y acciones, envuelve al que la contempla en un abrazo de realidad. La Reina, guardiana de los recursos y la estabilidad, invita a caminarse con precaución y respeto por lo que la tierra nos ofrece. Su mirada, penetrante y comprensiva, refleja el reflejo de un cielo que ha observado el crecimiento y la decadencia, la abundancia y la escasez. En su presencia, se reconoce que cada grano de arena cuenta, que cada gesto de tierra firme es un capítulo en el libro de la existencia. La Reina de Espadas, con su espada desnuda y sin mango, es el equilibrio entre la acción y la introspección, entre la firmeza y la flexibilidad. Ella nos recuerda que la verdadera riqueza reside en la capacidad de transformar nuestras emociones en acciones concretas, y que la tierra, con su infinita generosidad, nos ofrece el lienzo para pintar nuestro legado.",es,0,182,1,183,0.0,[],['caminarse']
17,"En el abrazo de la Reina de Oros, las emociones fluyen como ríos antiguos, sus aguas danzan al ritmo de la luna, reflejando la ebb y flow del alma. Su corona de estrellas, guía a través de las sombras del subconsciente, iluminando los rincones más oscuros donde las verdades más puras y las emociones más intensas se encuentran. En este viaje interior, la Reina nos invita a beber de la copa de sabiduría, a sentir con profundidad y a compartir con empatía. Su presencia es un santuario para los sentimientos, un lugar donde el corazón habla con la serenidad de lo eterno y el espíritu se nutre de las aguas de la introspección. Aquí, cada corazón latido es un susurro del universo, cada lágrima un cristal de conocimiento, cada sonrisa un reflejo de la luz interior. La Reina de Oros nos enseña que en el fluir de nuestras emociones yace la clave para desbloquear el codo del ser.",es,2,156,0,158,0.013,"['ebb', 'flow']",[]
18,"En el jardín del alma, donde las aguas de la vida dan paso a lo eterno, el Diez de Copas en su danza con el Fuego revela un ciclo de renovación. La chispa que arde en su pecho es el alma del cambio, un faro que guía a través de las olas de la incertidumbre. Cada gota que cae es un suspiro de la voluntad, un acuerdo con el destino que se despliega en el teatro de la existencia. El fuego que enciende con su esencia es el hilo dorado que conecta lo mortal con lo inmortal, un puente entre lo que es y lo que puede ser. En este acto de creación, el ser humano se convierte en coautor de su propia historia, escribiendo página tras página con la tinta ardiente de su propósito. La purificación es un viento que sopla a través de los rincones más oscuros, quemando lo que no sirve, dejando al descubierto la esencia pura de la voluntad. Aquí, en el cruce del agua y el fuego, se encuentra el alquimista de su destino, listo para transformar lo líquido en lo sólido, la visión en realidad, el sueño en luz.",es,0,194,1,195,0.0,[],['tras']
19,"En el huerto de la existencia, las copas brotan con tenacidad, nutridas por la tierra que les da cuerpo y sustancia. Sus raíces se entrelazan con las promesas de las semillas plantadas en el suelo de las expectativas. Aquí, cada gota de lluvia es un beso de posibilidad, cada rayo un estigma de cambio. Las copas se alzan, desafiando el cielo con sus pétalos de deseos, mientras que sus frutos maduros prometen el dulzor de la realización. La tierra, fértil y compasiva, recoge sus lágrimas y sus sudor, ofreciendo un abrazo de raíces y ramas que sostienen el peso de los sueños. En este entorno, cada gota de sangre derramada en su suelo se convierte en un brote de resiliencia, recordándonos que la materia es el lienzo donde se pintan los más íntimos retratos de nuestra esencia. Aquí, la tierra no es simplemente un fondo, sino el corazón mismo de la creación, donde cada emoción se convierte en forma, cada pensamiento en raíz, y cada deseo en fruto. En este jardín de la realidad, cada paso es un corte, cada elección una poda, y cada gesto de apertura un floramiento. La tierra te invita a sentir la textura de tu propia esencia, a abrazar la densidad de tu ser y a reconocer que cada manifestación de tu ser interno es un reflejo de la tierra que te nutre.",es,0,225,3,228,0.0,[],"['recordándonos', 'íntimos', 'floramiento']"
20,"En el crepúsculo de su ser, la chispa divina encenderá el fuego de su voluntad. Con cada llamarada, sus deseos cobran forma, y la pasión que arde en su pecho se transforma en acción. Este fuego no consume, sino purifica, quemando las capas de lo que ya no sirve para revelar el esplendor de su esencia. En este acto de renacimiento, el buscador se encuentra a sí mismo, en la intersección de lo que es y lo que aún puede ser. Aquí, la fuerza de su voluntad es la llave que abre las puertas a nuevas posibilidades, y cada paso que da es un canto a la vida, un himno a la existencia que resuena en el cosmos. La transformación es su aliada, y la purificación, su camino. En este viaje, el fuego es su guía, iluminando el camino hacia la autenticidad y la verdad de su propósito.",es,0,148,0,148,0.0,[],[]
21,"En el encaje de la tierra firme, donde las raíces se entrelazan con la promesa de la lluvia, el As de Copas emerge, un flujo ininterrumpido de emociones que se convierten en forma. Es el momento en que el corazón palpita con la fuerza de la vida misma, cada latido un acorde en el sinfonía de la existencia. En este arco iris de sentimientos, el individuo se encuentra en la encrucijada de lo que es y lo que podría ser, donde cada gota de esperanza se transforma en un lago de posibilidades. La tierra, fértil y generosa, cría sus sueños, y el cielo, vasto y infinito, los recibe con una aceptación sin límites. Aquí, en el cruce de cielo y tierra, el As de Copas nos recuerda que cada emoción es un semilla, y que la tierra de nuestro ser es el lienzo donde estas semillas pueden florecer en formas inesperadas y maravillosas.",es,0,153,0,153,0.0,[],[]
22,"En el silencio de las profundidades, el Paje de Bastos navega con gracia, susurrando secretos a las corrientes ocultas. Su presencia es un suspiro que despliega velos, revelando lo que ha estado oculto en las sombras del corazón. Con cada paso, sus huellas dan forma a las olas, moldeando un camino a través de las emociones turbulentas. Este mensajero del agua es un puente entre lo consciente y lo desconocido, entre lo dicho y lo no dicho. En su mano, una hoja de bastos, símbolo de la fuerza de la voluntad y la conexión con la tierra, se balancea, recordando que incluso en las más profundas de las emociones, hay un punto de apoyo firme. El Paje de Bastos invita a sumergirse, a explorar con la intuición y a emerger con una comprensión más clara de los mares internos. En este viaje, las emociones son tanto el barco como el mar, guiándonos a través de las aguas de la experiencia humana.",es,0,159,2,161,0.0,[],"['sumergirse', 'guiándonos']"
23,"En el abrazo firme de la tierra, cada grano de arena es un susurro de fuerza, cada río un canto de perseverancia. La tierra, en su inmensa compasión, nutre y sostiene, es el cimiento que da forma al formless, el eco que resuena en el silencio de nuestras dudas. Aquí, en la textura de la vida cotidiana, se teje la trama de tu ser, con hilos de tierra y cielo, de raíces y ramas. La fuerza que fluye a través de ti es más que una mera potencia física; es la determinación que mantiene el ritmo de tu corazón, la resiliencia que se despliega en cada desafío, la paciencia que brota en cada gesto de amor y cuidado. En este momento, te invita la tierra a abrazar tu poder, a reconocer que cada paso que das en este plano material es un acorde en la sinfonía de tu existencia, un verso en el poema de tu vida. La tierra te asegura que, aunque el viento cambie y las olas se agiten, tu esencia está anclada en la fuerza que te da vida y te permite vivir.",es,1,185,0,186,0.005,['formless'],[]
