Fila,Prompt,Idioma original,en,es,unknown,total,contamination,words,unknown_words
0,"The depths of the subconscious beckon, a mirror reflecting the hidden currents of the soul. Emotions flow like a river, sometimes turbulent, sometimes calm, but always carrying the seeker towards self-discovery. To dive into these waters is to embrace the wisdom of the heart, to connect with the intuitive voice that whispers from within. The path of empathy unfolds, a bridge between self and others, allowing for a deeper understanding of shared experiences and emotions. In the realm of feelings, the seeker finds the key to unlocking their true potential, a source of strength and guidance in the journey of life. The invitation is clear: to immerse oneself in the emotional landscape, to explore the depths of the psyche, and to emerge transformed by the power of self-knowledge and emotional intelligence.",en,115,18,0,133,0.135,"['a', 'soul', 'a', 'to', 'to', 'embrace', 'to', 'a', 'bridge', 'a', 'to', 'true', 'a', 'to', 'to', 'explore', 'to', 'emerge']",[]
1,"The breath of life flows through you, a vital current connecting mind and spirit. With each inhalation, you draw in the essence of the divine, allowing higher wisdom to take root in your consciousness. As you exhale, your thoughts take flight, carried on the winds of communication to shape the world around you. In this dance of inspiration and expression, you find clarity and purpose. The air card invites you to explore the power of your own mind, to discern the truth that lies within and without. Through the alchemy of thought and word, you have the ability to transform your reality, to create a world that resonates with your deepest desires. Embrace the breath, the breath of life, and let it guide you on your journey of self-discovery and manifestation.",en,115,17,0,132,0.129,"['a', 'vital', 'divine', 'to', 'as', 'exhale', 'to', 'dance', 'invites', 'to', 'explore', 'to', 'to', 'reality', 'to', 'a', 'embrace']",[]
2,"The earth beneath your feet, solid and unyielding, yet teeming with life. Roots dig deep, seeking nourishment, while branches reach high, yearning for the sun. You stand at the crossroads, three paths before you. Each one a choice, a direction to explore. The journey ahead is yours to shape, to mold with the clay of your intentions. Trust in the wisdom of the land, the cycles of growth and decay. For in the fertile soil of your being, seeds of potential lie waiting to sprout. Tend to them with care, and watch as they unfurl into the fullness of your destiny. The earth is patient, the earth is generous. She will provide all that you need, if you but ask with an open heart. So go forth, my child, and make your mark upon the world. Let your roots sink deep, and your branches dance in the wind. For you are a part of this great tapestry, woven from the threads of time and space. And in the end, it is the earth that will cradle you, the earth that will sing your story to the stars.",en,164,23,0,187,0.123,"['solid', 'stand', 'a', 'a', 'to', 'explore', 'to', 'to', 'trust', 'land', 'lie', 'to', 'to', 'care', 'as', 'open', 'so', 'go', 'dance', 'are', 'a', 'time', 'to']",[]
3,"The earth beneath your feet, solid and unyielding, yet teeming with life. Roots dig deep, seeking nourishment, while branches reach high, yearning for the sun. In the dance of give and take, you find your place. The cycle of growth and decay, the ebb and flow of resources, all part of the great web of existence. You are but a thread in this tapestry, yet your actions ripple outward, shaping the fabric of reality. Embrace the material world, for it is the stage upon which your story unfolds. Tend to your garden with care, and watch as your efforts bear fruit. For in the fertile soil of your being, seeds of potential lie waiting to sprout.",en,102,14,0,116,0.121,"['solid', 'dance', 'place', 'web', 'are', 'a', 'reality', 'embrace', 'material', 'to', 'care', 'as', 'lie', 'to']",[]
4,"The Queen of Swords stands tall, her gaze piercing and unwavering. She holds a sword in one hand, a symbol of her sharp intellect and ability to cut through illusions. With the other hand, she gestures towards the earth, acknowledging the material realm and its resources. Her presence invites us to confront reality head-on, to face our truths without flinching. She challenges us to question our beliefs and assumptions, to seek clarity and honesty in all our interactions. The Queen of Swords reminds us that true strength lies in embracing the present moment, in finding stability and balance amidst the ever-changing landscape of life. She encourages us to take responsibility for our actions and to use our resources wisely, knowing that every choice we make has consequences. As we stand before her, we are invited to reflect on our relationship with the material world, to consider how we can align our spiritual aspirations with our daily practices. The Queen of Swords invites us to embody the wisdom of the earth, to ground ourselves in the present moment and to find the strength to manifest our deepest desires.",en,154,35,0,189,0.185,"['queen', 'her', 'a', 'a', 'her', 'to', 'material', 'her', 'invites', 'to', 'reality', 'to', 'to', 'to', 'queen', 'true', 'balance', 'to', 'to', 'use', 'has', 'as', 'stand', 'her', 'are', 'to', 'material', 'to', 'can', 'queen', 'invites', 'to', 'to', 'to', 'to']",[]
5,"The depths of the subconscious beckon, a mirror reflecting hidden truths. Emotions flow like water, turbulent and deep, carrying the seeker to the heart of their inner world. To dive within is to connect with the intuitive wisdom that guides from within. Feelings are a vital source of information, revealing the true self and its needs. Empathy flows like a river, connecting the seeker to others through shared experiences and emotions. The invitation is to immerse in the emotional realm, exploring the currents of the psyche. Introspection reveals the dominant emotions that shape daily life and decision-making. Honor the sensitivity of the heart, for it is a tool of connection and self-discovery. The depths of the subconscious hold the key to understanding the self and navigating the emotional landscape with wisdom and grace.",en,121,14,0,135,0.104,"['a', 'to', 'to', 'to', 'are', 'a', 'vital', 'true', 'a', 'to', 'to', 'honor', 'a', 'to']",[]
6,"The flames of passion dance within, a force both creative and destructive. They burn away the old, making space for new beginnings. The vital spark ignites, fueling the will to manifest desires in the physical realm. Purification through fire, a path to self-reinvention. The divine power within, a wellspring of inspiration and determination. Conscious channeling of inner strength, aligning actions with a higher purpose. The fire card invites reflection on the authentic desires that drive us, challenging us to use our power deliberately for personal growth and transformation.",en,76,13,0,89,0.146,"['dance', 'a', 'vital', 'to', 'a', 'to', 'divine', 'a', 'a', 'invites', 'to', 'use', 'personal']",[]
7,"In the realm of matter, you find yourself at a crossroads. The cups before you hold the potential for growth and abundance, yet you remain unmoved. The earth beneath your feet is fertile, waiting to be cultivated, but your gaze is turned inward. The resources at your disposal are vast, yet you fail to see their value. To move forward, you must ground yourself in the present moment, acknowledging the gifts that surround you. Only then can you truly appreciate the richness of your existence and the opportunities that lie before you. The earth calls you to action, inviting you to engage with the tangible world and manifest your deepest desires. Embrace the material plane, for it is here that your dreams can take root and flourish.",en,111,16,0,127,0.126,"['a', 'to', 'be', 'are', 'to', 'to', 'can', 'lie', 'to', 'to', 'tangible', 'embrace', 'material', 'plane', 'here', 'can']",[]
8,"The flames of passion burn bright, but their intensity can also scorch and destroy. The fire within, when unleashed without restraint, has the potential to consume all in its path. Yet, it is through this very destruction that new life emerges, phoenix-like from the ashes. The seeker must learn to harness the power of their inner fire, to direct its energy towards constructive ends. Only then can they truly manifest their will and bring their deepest desires to fruition. The challenge lies in recognizing the divine spark that resides within, and in channeling that power with intention and purpose. For it is through this conscious use of inner strength that the seeker can transform themselves and their world, one fiery step at a time.",en,109,16,0,125,0.128,"['bright', 'can', 'has', 'to', 'consume', 'emerges', 'to', 'to', 'can', 'to', 'divine', 'resides', 'use', 'can', 'a', 'time']",[]
9,"The Ace of Cups represents the potential for emotional abundance and spiritual nourishment. In the realm of the material plane, this card suggests a fertile ground for personal growth and the manifestation of heartfelt desires. The energy of the Ace of Cups invites you to open your heart fully, allowing love and compassion to flow freely. Trust in the universe's capacity to provide for your needs and desires, and be receptive to the blessings that come your way. Embrace the beauty of the present moment and let your emotions guide you towards a deeper connection with yourself and others. The Ace of Cups reminds you that by nurturing your inner world, you can create a life filled with joy, abundance, and fulfillment.",en,106,17,0,123,0.138,"['material', 'plane', 'a', 'personal', 'invites', 'to', 'open', 'to', 'trust', 'to', 'be', 'to', 'come', 'embrace', 'a', 'can', 'a']",[]
10,"The Page of Wands, a fiery spark of inspiration, dances upon the surface of the emotional sea. Its energy, raw and untamed, ripples through the depths, stirring up hidden currents of feeling. This card invites you to embrace the passion that flows within, to let it guide you towards new beginnings and creative expression. The Page of Wands in the realm of emotions suggests a time of heightened sensitivity and intuition. Trust the whispers of your heart, for they hold the key to unlocking your true potential. Allow yourself to be swept away by the tide of inspiration, knowing that it will lead you to shores of self-discovery and transformation. In the presence of this card, emotions are not to be feared, but rather celebrated as a source of wisdom and guidance. The Page of Wands in the water element reminds you to stay connected to your feelings, to let them flow freely and inform your choices. Embrace the ebb and flow of your emotional landscape, for it is in the depths of your heart that you will find the courage to create and manifest your dreams.",en,163,25,0,188,0.133,"['a', 'dances', 'sea', 'invites', 'to', 'embrace', 'to', 'a', 'time', 'trust', 'to', 'true', 'to', 'be', 'to', 'are', 'to', 'be', 'as', 'a', 'to', 'to', 'to', 'embrace', 'to']",[]
11,"The earth beneath your feet, solid and unyielding, yet teeming with life. Roots dig deep, seeking nourishment, while branches reach high, yearning for the sun. You stand at the crossroads of spirit and matter, where ideas take form and emotions find expression in the tangible world. The strength within you is not force, but resilience - the ability to bend without breaking, to weather the storms of life and emerge stronger. Embrace the earth, for it is the fertile ground from which all things grow. Tend to your body, your resources, your environment with care and intention. For in the dance between the physical and the ethereal, you will find the strength to manifest your deepest desires.",en,103,13,0,116,0.112,"['solid', 'stand', 'ideas', 'tangible', 'to', 'to', 'emerge', 'embrace', 'to', 'body', 'care', 'dance', 'to']",[]
12,"El agua fluye, incesante, a través de las profundidades de la psique. Sus corrientes revelan secretos ocultos, verdades que yacen enterradas en las capas más íntimas del ser. Sumergirse en las aguas de la emoción es un viaje de autodescubrimiento, una oportunidad de conectar con la sabiduría intuitiva que habita en el corazón. Las emociones, aunque a veces turbulentas, son un mapa que guía hacia el verdadero yo. Al navegar por las aguas de la empatía, se establece una conexión más profunda con los demás, una comprensión mutua que trasciende las palabras. La invitación es a bucear en el océano de los sentimientos, a explorar las corrientes de la sensibilidad emocional. Solo así se puede navegar con confianza hacia el futuro, guiado por la brújula de la autenticidad.",es,0,126,2,128,0.0,[],"['sumergirse', 'autodescubrimiento']"
13,"El aliento de la comprensión fluye a través de la mente, iluminando los senderos del intelecto. Las ideas se entrelazan en una danza armoniosa, buscando el equilibrio en la diversidad de perspectivas. La sabiduría respira en cada inspiración, infundiendo claridad a la conciencia. Las palabras, como el viento, transportan el mensaje del corazón, conectando almas en un lenguaje universal. La comunicación se vuelve un arte sagrado, un intercambio de esencias que trasciende las barreras del tiempo y el espacio. En este intercambio, la mente se expande, alcanzando nuevas alturas de comprensión. La respiración se vuelve un ritual de conexión divina, un recordatorio constante de la presencia de lo sagrado en cada momento. La Templanza, en su danza eterna, invita a la armonía y la moderación en el flujo de pensamientos y emociones, guiando hacia un estado de gracia y equilibrio.",es,0,140,0,140,0.0,[],[]
14,"La semilla ha sido plantada en la tierra fértil de la abundancia. El potencial crece en la oscuridad, alimentado por la fe y el trabajo constante. Pronto, las raíces se fortalecerán y el brote emergerá, rompiendo la superficie en busca del sol. La vida se manifestará en su forma más tangible, lista para enfrentar los desafíos del crecimiento. El camino no será fácil, pero cada obstáculo superado fortalecerá el espíritu y enriquecerá la experiencia. Con perseverancia y sabiduría, la planta florecerá, ofreciendo su belleza y frutos al mundo. Este es el ciclo de la vida, el viaje desde la idea hasta la realidad, desde la semilla hasta el árbol. La tierra es el escenario donde se desarrolla esta transformación mágica, el lienzo en blanco donde el espíritu da forma a su visión. En este terreno fértil, las posibilidades son infinitas y el futuro está lleno de promesas.",es,0,147,0,147,0.0,[],[]
15,"La abundancia se manifiesta en formas tangibles, pero su verdadera esencia radica en la satisfacción interior. El éxito material no es más que un reflejo de la riqueza emocional y espiritual que habita en tu corazón. Cultiva la gratitud por lo que tienes y confía en que el universo proveerá lo necesario para tu crecimiento. La estabilidad y la prosperidad no son meros accidentes, sino el resultado de una conexión profunda con la fuente de toda abundancia. Permite que la sabiduría de la tierra te guíe hacia una vida próspera y armoniosa, donde tus esfuerzos se vean recompensados con la justa medida. Recuerda que el verdadero tesoro no se mide en monedas, sino en las experiencias que enriquecen tu alma y te acercan a tu propósito más elevado.",es,0,128,0,128,0.0,[],[]
16,"La tierra firme bajo tus pies, un terreno fértil para el crecimiento. Las semillas de tus sueños buscan enraizarse en la realidad tangible. El espíritu desciende hacia la materia, las ideas se vuelven acciones. Pero cuidado con las trampas del materialismo y la avaricia. Mantén el equilibrio entre lo físico y lo etéreo. Cultiva la abundancia con humildad y gratitud. Enraíza tus valores en la tierra, pero no te quedes apegado a ella. El verdadero tesoro es el que llevas dentro. Recuerda que la verdadera riqueza no se mide en posesiones, sino en experiencias y conexiones. La tierra te sustenta, pero no te define. Eres más que tu cuerpo y tus recursos. Confía en tu propio potencial y déjate guiar por la sabiduría interior. La tierra es tu aliada, no tu ama. Cultiva tu jardín con amor y reverencia, y verás cómo florece la belleza en tu vida.",es,0,146,2,148,0.0,[],"['enraizarse', 'déjate']"
17,"El agua fluye, incesante, reflejando la luz y las sombras de su alrededor. Su superficie, a veces calma y otras agitada, es un espejo de las emociones que bullen en su interior. Sumergirse en sus profundidades requiere coraje, pero también promete revelaciones. El agua limpia, purifica, lava las heridas del alma. Es un elemento mutable, adaptable, que se ajusta a cualquier forma que lo contenga. Al igual que las emociones, el agua puede ser fuente de vida o de devastación, dependiendo de cómo se maneje. La empatía es su don, la capacidad de sentir lo que otros sienten, de conectar a través del corazón. El agua invita a la introspección, a explorar los recovecos más íntimos del ser, a enfrentar los miedos y las dudas que acechan en la oscuridad. Pero también es un llamado a la compasión, a la capacidad de entender y apoyar a los demás en su propio viaje emocional. El agua es un maestro paciente, que enseña a través de la experiencia y la reflexión. Su sabiduría está en su fluir constante, en su capacidad de adaptarse y de renovarse. Al igual que el agua, las emociones son parte integral de la existencia humana, y aprender a navegar por sus corrientes es clave para el crecimiento y la transformación personal.",es,0,210,4,214,0.0,[],"['sumergirse', 'íntimos', 'adaptarse', 'renovarse']"
18,"La energía creadora fluye a través de ti, una fuerza vital que te impele hacia adelante. Sientes el impulso de manifestar tus deseos en el mundo físico, de dar forma a tus sueños con la fuerza de tu voluntad. Pero ten cuidado, pues el fuego también puede quemar y destruir. Es necesario que canalices esta energía con sabiduría, que la dirijas hacia la purificación y la transformación. Deja que la llama interior te consuma lo viejo y obsoleto para dar paso a algo nuevo y mejor. Reinvéntate a ti mismo, alinea tus acciones con un propósito superior. La chispa divina que habita en ti te guía hacia el crecimiento y la evolución. Confía en tu poder interior y úsalo de manera consciente para crear la vida que anhelas.",es,0,126,2,128,0.0,[],"['reinvéntate', 'úsalo']"
19,"La abundancia se derrama en tu vida, pero ¿la aprecias realmente? Las cuatro copas rebosan de un líquido que parece agua, pero que podría ser cualquier otra cosa. ¿Te has detenido a saborear cada gota, a sentir su frescor en tu piel? El líquido se derrama, desperdiciándose, mientras tú sigues con la mirada perdida en el horizonte. ¿Qué buscas más allá de lo que ya tienes? ¿No ves que la respuesta está justo frente a ti, en la generosidad de la tierra que te sustenta? Abre los ojos y los sentidos, deja que la abundancia te inunde. Pero no te ahogues en ella. Recuerda que todo fluye y cambia, que nada es permanente. Guárdate un poco para el futuro, para los momentos de sequía. Y sobre todo, no olvides compartir. El verdadero tesoro no es lo que tienes, sino lo que das.",es,0,140,2,142,0.0,[],"['desperdiciándose', 'guárdate']"
20,"La chispa divina arde en tu interior, una fuerza vital que te impele hacia adelante. Es la energía de la voluntad, el impulso creativo que te motiva a manifestar tus deseos en el mundo físico. Pero ten cuidado, pues el fuego también puede destruir lo que ya no sirve, quemando lo viejo para dar paso a lo nuevo. Es la purificación necesaria para la transformación. Reflexiona sobre tus verdaderos anhelos y alinea tus acciones con un propósito superior. Usa tu poder interior de forma consciente y deliberada, y permite que el fuego de tu espíritu te guíe hacia el crecimiento y la renovación.",es,0,102,1,103,0.0,[],['anhelos']
21,"La copa rebosa de abundancia, su contenido se derrama en la tierra fértil. Las semillas de tus sueños encuentran terreno propicio para echar raíces y florecer. El agua de la inspiración riega el campo de tus posibilidades, alimentando el crecimiento de tus metas. La tierra acoge y sustenta, transformando el potencial en realidad tangible. El espíritu se manifiesta en la materia, la idea se vuelve forma. La copa se vacía y se llena de nuevo, en un ciclo perpetuo de creatividad y abundancia. La tierra te invita a plantar las semillas de tu futuro, a nutrir tus sueños con el agua de la fe y la perseverancia. Confía en el proceso de la vida, en la capacidad de la tierra para dar frutos. Déjate llevar por el flujo de la abundancia, sabiendo que todo lo que das, vuelve multiplicado. La copa y la tierra son uno, en una danza eterna de intercambio y transformación.",es,0,153,1,154,0.0,[],['déjate']
22,"El paje de bastos, con su energía vital y su entusiasmo, se sumerge en las aguas de su propio ser. Sus emociones fluyen como un río, a veces turbulentas, a veces tranquilas, pero siempre en movimiento. Él aprende a navegar por las corrientes de su corazón, a sentir la profundidad de sus sentimientos y a expresarlos con sinceridad. El paje de bastos se conecta con su intuición, permitiendo que sus instintos lo guíen a través de las aguas desconocidas de su psique. Él sabe que las emociones son un mapa hacia su verdadero yo, y está dispuesto a explorarlas sin miedo. Con cada experiencia emocional, el paje de bastos crece y se vuelve más sabio, aprendiendo a bailar con la corriente de su propio ser. Él comparte su sensibilidad con los demás, creando conexiones profundas y empáticas. El paje de bastos es un maestro de las aguas emocionales, y su viaje lo lleva a lugares de autodescubrimiento y transformación.",es,0,156,3,159,0.0,[],"['expresarlos', 'explorarlas', 'autodescubrimiento']"
23,"La fuerza radica en la quietud, en la calma que precede a la tormenta. Es la semilla que espera el momento propicio para germinar, el embrión que se nutre en el vientre materno. La manifestación física es el resultado de un proceso invisible, un viaje desde lo intangible hacia lo tangible. La tierra es el escenario donde se representa la obra, el lienzo donde el artista pinta su realidad. Cada paso, cada decisión, cada emoción se traduce en una marca indeleble en el tapiz de la existencia. La fuerza es la capacidad de sostenerse firme ante las adversidades, de mantenerse enraizado en la tierra mientras las olas del cambio azotan la costa. Es la fe inquebrantable en el propio potencial, la convicción de que el espíritu puede moldear la materia a su antojo. La tierra es el testigo silencioso de nuestra transformación, el escenario donde la fuerza se manifiesta en acciones concretas y resultados tangibles. En la quietud de la tierra, encontramos la fuerza para enfrentar cualquier desafío, para dar forma a nuestro destino con la firmeza de un titán. La fuerza es la semilla de la que brota el futuro, el embrión de lo que está por venir. En la tierra, encontramos la fuerza para crecer, para florecer y para transformar el mundo a nuestra imagen y semejanza.",es,0,217,2,219,0.0,[],"['sostenerse', 'mantenerse']"
