Fila,Prompt,Idioma original,en,es,unknown,total,contamination,words,unknown_words
0,"In the realm of emotions and feelings, the symbolic presence of the Emperor tarot card echoes the depths of the subconscious. This card represents the mirror-like quality of water, reflecting the hidden depths of the psyche and revealing the hidden truths within. Water, as an element in Tarot, serves as a conduit for spiritual growth, allowing individuals to connect with their most intimate feelings and the intuitive wisdom they possess.

Emotions, often turbulent yet essential, serve as a vital source of information about one's true self and needs. The Water card invites the seeker to immerse themselves in their emotional world, exploring and understanding their emotions more profoundly. This card encourages introspection to identify dominant emotions and their impact on daily life, as well as evaluating how these emotions influence decision-making and interactions with others.

The Water card is a call to honor emotional sensitivity, recognizing it as a tool for connection and self-discovery. It urges the seeker to delve into their emotional world, exploring the depths of their feelings, and understanding the impact they have on their life. This card suggests introspection to identify dominant emotions and their influence on personal growth, decision-making, and relationships.

In essence, the presence of the Emperor tarot card in the context of Water symbolizes the importance of emotional awareness and sensitivity. It encourages individuals to embrace their emotional world, fostering deeper connections with themselves and others, ultimately leading to a richer understanding of life's experiences.",en,216,32,0,248,0.129,"['tarot', 'echoes', 'as', 'tarot', 'as', 'a', 'to', 'serve', 'as', 'a', 'vital', 'true', 'invites', 'to', 'more', 'to', 'as', 'as', 'a', 'to', 'honor', 'as', 'a', 'urges', 'to', 'to', 'personal', 'tarot', 'to', 'embrace', 'to', 'a']",[]
1,"In the realm of thought and communication, the Temperance card appears. It symbolizes the harmonious blend of mental processes, ideas, and emotions. This card represents the balance between the rational and intuitive aspects of our minds, encouraging us to find equilibrium in our thoughts. The Air element, which governs this card, is deeply connected to mental functions, communication, and intelligence. It serves as the vital breath that connects us to universal forces, facilitating the transmission of ideas and social interaction.

The Air card reminds us of the importance of clear communication within ourselves and with the external world. It suggests an exploration of how thoughts and words shape personal reality, and how clarity in this area can lead to a deeper understanding of oneself and one's surroundings. The card invites the seeker to reflect on the quality of their internal dialogue and its impact on their perception of reality.

In essence, the Temperance card encourages us to maintain balance in our mental processes, fostering harmony between rationality and intuition. It urges us to cultivate clarity in our thoughts and communication, allowing us to better navigate the complexities of life. By understanding the power of our thoughts and words, we can shape our reality and foster connections with the universal forces that govern our existence.",en,184,31,0,215,0.144,"['mental', 'ideas', 'balance', 'to', 'to', 'mental', 'as', 'vital', 'to', 'universal', 'ideas', 'social', 'personal', 'reality', 'area', 'can', 'to', 'a', 'invites', 'to', 'dialogue', 'reality', 'to', 'balance', 'mental', 'urges', 'to', 'to', 'can', 'reality', 'universal']",[]
2,"The Three of Wands symbolically represents a moment of contemplation and anticipation, where one stands at the precipice of decision-making. It is akin to the Earth card in the context of Tarot, signifying the materialization of ideas and emotions into tangible forms. This card suggests that the querent is currently grappling with the alignment between their spiritual aspirations and their daily practices, evaluating their relationship with money, health, and the environment.

In this poetic reading, the Three of Wands paints a picture of a person standing amidst a landscape of possibilities, their gaze fixed on the horizon. The wands, symbolizing creativity, passion, and ambition, are positioned in such a way that they seem to beckon the querent towards an unknown future. The three wands are not yet united, but they stand tall, each one representing a potential path or opportunity.

The card encourages the querent to embrace the fertile ground of their own growth and fulfillment, reminding them that their actions and decisions will shape their journey. It invites them to consider the balance between their spiritual aspirations and their material needs, ensuring that their choices align with their deepest values.

As the Three of Wands guides the querent through this introspective journey, it reminds them that every step taken towards manifesting their dreams and desires must be grounded in stability and sustainability. The Earth element, which represents the physical manifestation of ideas and emotions, serves as a constant reminder that growth and change are intrinsically linked to the stability provided by the material world.

In essence, the Three of Wands encourages the querent to pause, reflect, and make conscious decisions about their relationship with the material world, ensuring that their actions and choices align with their spiritual aspirations. This card challenges them to maintain balance and harmony between their spiritual and material aspects, fostering a life that is both grounded and nurturing.",en,277,36,1,314,0.115,"['a', 'to', 'tarot', 'ideas', 'tangible', 'a', 'a', 'standing', 'a', 'are', 'a', 'to', 'are', 'stand', 'a', 'to', 'embrace', 'invites', 'to', 'balance', 'material', 'as', 'be', 'ideas', 'as', 'a', 'are', 'to', 'material', 'to', 'pause', 'material', 'to', 'balance', 'material', 'a']",['sustainability']
3,"The Ten of Pentacles, symbolically, represents a harmonious balance between stability and growth. It suggests that one has successfully navigated through various stages of life, securing their financial stability and ensuring the well-being of their loved ones. This card signifies a deep connection to the material world, where tangible aspects of life are nurtured and cherished. The querent might be experiencing a sense of contentment and satisfaction, knowing that their efforts have led to a secure future.

In the context of the Earth card, the Ten of Pentacles encourages introspection on the relationship between spiritual aspirations and daily practices. It challenges the individual to examine their connection with money, health, and the environment, promoting a balanced approach that aligns with their deepest values. This card reminds the querent that their actions have consequences, and they must maintain a sustainable lifestyle that supports their spiritual growth.

The Ten of Pentacles also signifies the importance of nurturing relationships, as it suggests that these connections contribute significantly to the overall stability and happiness in one's life. It encourages the querent to cherish the bonds they share with others, ensuring that these connections remain strong and supportive.

Overall, the symbolism of the Ten of Pentacles in the Earth card context emphasizes the significance of maintaining a balanced and sustainable lifestyle, fostering strong relationships, and finding harmony between spiritual aspirations and daily practices.",en,202,26,2,230,0.113,"['ten', 'a', 'balance', 'has', 'a', 'to', 'material', 'tangible', 'are', 'be', 'a', 'led', 'to', 'a', 'ten', 'individual', 'to', 'examine', 'a', 'a', 'ten', 'as', 'to', 'to', 'ten', 'a']","['lifestyle', 'lifestyle']"
4,"The Queen of Swords, in the context of Earth, symbolizes a wise and discerning presence amidst the tangible aspects of our existence. She embodies the ability to navigate the material plane with clarity and understanding, much like the Earth itself. This card represents the harmonious balance between spirit and matter, encouraging the querent to find equilibrium between their spiritual aspirations and daily practices.

The Queen of Swords, as the embodiment of the Earth element, reminds us that our actions have consequences, both positive and negative. She urges us to consider the impact of our decisions on our environment, health, and resources. This card challenges us to maintain a sustainable approach, ensuring that our actions align with our deepest values.

In essence, the Queen of Swords in the context of Earth encourages introspection and self-awareness. It invites us to reflect on how we interact with the material world, fostering a connection between our spiritual aspirations and practical realities. By embracing the wisdom of the Queen of Swords, we can cultivate a life that is both grounded and nurturing, fostering growth and fulfillment within the boundaries of our physical existence.",en,166,23,0,189,0.122,"['queen', 'a', 'tangible', 'to', 'material', 'plane', 'balance', 'to', 'queen', 'as', 'positive', 'urges', 'to', 'to', 'a', 'queen', 'invites', 'to', 'material', 'a', 'queen', 'can', 'a']",[]
5,"In the realm of emotions and feelings, the Queen of Pentacles appears. She represents the depths of the subconscious, mirroring the hidden depths of the psyche. This card signifies the importance of emotions as a vital source of information about one's true self and needs. Emotions, though sometimes turbulent, are essential for spiritual growth, allowing individuals to connect with their most intimate feelings and the intuitive wisdom they offer.

The Queen of Pentacles invites the seeker to immerse themselves in their emotional world, exploring and better understanding their own feelings. This card suggests introspection to identify dominant emotions and their impact on daily life. It also encourages evaluating how these emotions influence decision-making and interactions with others. The Queen of Pentacles is a call to honor emotional sensitivity as a tool for connection and self-discovery.

In this context, the Queen of Pentacles symbolizes the need for introspection, self-awareness, and emotional understanding. It encourages individuals to delve into their emotional depths, uncovering hidden truths about themselves and their needs. By doing so, they can better connect with their emotions, empathize with others, and make more informed decisions. The Queen of Pentacles reminds us that emotions, though complex and sometimes overwhelming, are essential for growth and connection.",en,185,24,0,209,0.115,"['queen', 'as', 'a', 'vital', 'true', 'are', 'to', 'queen', 'invites', 'to', 'to', 'queen', 'a', 'to', 'honor', 'as', 'a', 'queen', 'to', 'so', 'can', 'more', 'queen', 'are']",[]
6,"The Ten of Cups symbolizes a harmonious and contented life, filled with joy and happiness. It represents the culmination of one's desires, dreams, and aspirations. This card suggests that the individual has successfully navigated through various challenges, finding solace in their achievements. The presence of the Fire card within this context implies that this contentment is not merely a result of chance or external circumstances, but rather a testament to the individual's own drive and willpower.

The Fire element, as a manifestation of divine power within each human being, signifies the transformative potential inherent in every individual. It represents the ability to burn away the old, obsolete aspects of life, making room for new creations and growth. This process can be both destructive and constructive, much like the destructive power of fire in nature. The individual must learn to harness this power responsibly, ensuring that their actions align with their authentic desires and higher purpose.

The Ten of Cups encourages reflection on the role of drive and willpower in one's life. It challenges the individual to consciously channel their inner strength, fostering personal growth and transformation. By understanding the authentic desires that motivate their actions, they can align themselves with a higher purpose, ensuring that their journey remains meaningful and fulfilling.

In essence, the symbolism of the Ten of Cups combined with the Fire card suggests that the individual must recognize and harness their inner power, using it as a catalyst for personal growth and transformation. By understanding the role of their drive and willpower in shaping their life, they can create a harmonious existence filled with joy, happiness, and purpose.",en,234,36,4,274,0.131,"['ten', 'a', 'individual', 'has', 'solace', 'a', 'chance', 'a', 'to', 'individual', 'as', 'a', 'divine', 'human', 'individual', 'to', 'can', 'be', 'nature', 'individual', 'to', 'ten', 'role', 'individual', 'to', 'personal', 'can', 'a', 'ten', 'individual', 'as', 'a', 'personal', 'role', 'can', 'a']","['willpower', 'willpower', 'fulfilling', 'willpower']"
7,"In the realm of Earth, where the tangible aspects of our existence take form, the Four of Cups symbolically unfolds. This card represents a moment of contemplation, a pause amidst the abundance of resources and material wealth. It suggests that the querent has been blessed with an abundance of resources, but now finds themselves questioning the meaning behind these possessions. The Four of Cups invites introspection, encouraging the individual to delve deeper into their connection with the material world and how they manage their resources.

The querent might be questioning their relationship with money, health, and the environment, seeking balance and sustainability that aligns with their deepest values. This card challenges them to evaluate their actions, ensuring they are not merely driven by material desires but also guided by spiritual aspirations. The Four of Cups reminds the querent that while the material world offers comfort and stability, it is essential not to lose sight of the spiritual journey within.

In this context, the Four of Cups encourages introspection, reflection, and self-awareness. It urges the querent to consider the alignment between their spiritual aspirations and their daily practices, ensuring that their actions reflect their true nature. The Earth card serves as a reminder that our physical existence is not merely about survival but also about nurturing growth, fostering personal fulfillment, and maintaining a harmonious relationship with the world around us.",en,203,26,1,230,0.113,"['tangible', 'a', 'a', 'pause', 'material', 'has', 'invites', 'individual', 'to', 'material', 'be', 'balance', 'to', 'are', 'material', 'material', 'to', 'lose', 'urges', 'to', 'true', 'nature', 'as', 'a', 'personal', 'a']",['sustainability']
8,"The Ten of Swords in the context of the Fire card symbolizes the weight of responsibility that comes with harnessing the power of will. It represents the burden of decision-making, where choices can either lead to liberation or entrapment. The swords, symbols of intellect and reason, are deeply entwined with the fire within, burning brightly but potentially causing harm if not guided correctly.

This card suggests that the individual must navigate through the labyrinth of their own desires, ensuring they align with their higher purpose. The fire within them serves as both a destructive force, burning away the old and obsolete aspects of life, and a constructive one, creating space for new beginnings. The challenge lies in understanding the true nature of their drive and willpower, and using them consciously and deliberately for personal growth and transformation.

The Ten of Swords in the context of the Fire card encourages introspection, reflection, and self-awareness. It reminds the seeker that their actions have consequences, and that they must learn to harness their inner power responsibly. By doing so, they can transform themselves and their lives, purifying their existence and creating a path towards a more fulfilling existence.",en,176,19,2,197,0.096,"['ten', 'comes', 'can', 'to', 'are', 'individual', 'as', 'a', 'a', 'true', 'nature', 'personal', 'ten', 'to', 'so', 'can', 'a', 'a', 'more']","['willpower', 'fulfilling']"
9,"The Ace of Cups, in the context of Earth, symbolizes the profound connection between the spiritual realm and the material world. It represents the birth of emotions, desires, and dreams, which are as tangible as the Earth itself. This card signifies the beginning of a journey where the querent must navigate the intricate dance between their spiritual aspirations and the practical aspects of life.

The Ace of Cups suggests that the querent's emotions are deep, vibrant, and powerful, much like the fertile soil that nurtures life. Their feelings are capable of transforming into tangible experiences, much like the growth and blooming of plants on the Earth. This card encourages the querent to embrace their emotions, understanding that they hold the key to unlocking personal growth and fulfillment.

The Ace of Cups also symbolizes the birth of love, compassion, and understanding. It signifies the potential for harmony and unity within oneself and with others. The querent must learn to balance their emotional needs with the practical aspects of life, ensuring that their actions align with their deepest values.

In essence, the Ace of Cups in the context of Earth challenges the querent to cultivate a sustainable approach to their relationships, health, and environment. It encourages them to nurture their emotional well-being while maintaining a grounded connection to the material world. This card reminds the querent that their spiritual aspirations are not separate from their daily practices, but rather an integral part of their journey towards personal growth and fulfillment.",en,224,26,0,250,0.104,"['material', 'are', 'as', 'tangible', 'as', 'a', 'dance', 'are', 'are', 'tangible', 'to', 'embrace', 'to', 'personal', 'to', 'balance', 'to', 'a', 'to', 'to', 'a', 'to', 'material', 'are', 'integral', 'personal']",[]
10,"In the realm of emotions and feelings, the Page of Wands appears. This symbolic card represents the depths of the subconscious, mirroring the hidden aspects of one's psyche. The Page of Wands encourages the seeker to delve into their emotional world, exploring the intricacies of their feelings. The Water card, as an element, reflects the importance of emotions as a source of information about the self and needs.

Emotions, though often turbulent, are essential for spiritual growth. They serve as a mirror, reflecting the seeker's true self and offering intuitive wisdom. The Water card invites the individual to immerse themselves in their emotional landscape, understanding the impact of dominant emotions on daily life. It also encourages examining how these emotions influence decision-making and interactions with others.

The Page of Wands suggests that emotional sensitivity should be honored as a tool for connection and self-discovery. This card urges introspection to identify dominant emotions and their influence on personal experiences. It encourages evaluating how these emotions shape interactions and decision-making. The Page of Wands reminds us that emotions are essential for understanding ourselves and others, fostering deeper connections through empathy.

In essence, the Page of Wands represents the profound power of emotions in guiding personal growth and development. It encourages embracing emotional sensitivity as a means to connect with oneself and others, fostering understanding and empathy. The seeker is invited to delve into their emotional depths, exploring the hidden aspects of their psyche, ultimately leading to a richer understanding of their true self and needs.",en,230,28,0,258,0.109,"['to', 'as', 'as', 'a', 'are', 'serve', 'as', 'a', 'true', 'invites', 'individual', 'to', 'be', 'honored', 'as', 'a', 'urges', 'to', 'personal', 'are', 'personal', 'as', 'a', 'to', 'to', 'to', 'a', 'true']",[]
11,"In the realm of the Earth card, where the tangible aspects of our existence take form, there lies a symbolic tale. The Strength tarot card, often associated with the element of Earth, weaves a narrative that intertwines the materialization of ideas and emotions into concrete realities. This card represents the final descent of spirit into matter, where concepts become tangible reality.

The Strength card, when paired with the Earth card, invites introspection on how we interact with the material world and manage our resources. It challenges the querent to evaluate their relationship with money, health, and the environment, encouraging a balanced and sustainable approach that aligns with their deepest values.

The Strength card symbolizes the ability to harness one's inner strength, guiding them through the challenges presented by the Earth card. It suggests that by understanding the connection between our spiritual aspirations and our daily practices, we can find harmony within the material world. This harmony allows for growth, nurturing, and sustainability, fostering a life filled with personal fulfillment.

In essence, the Strength card and Earth card together paint a picture of navigating the material plane, where the physical manifestation of our emotions and beliefs play a crucial role. It encourages introspection, reflection, and balance, ensuring that our actions align with our deepest values, fostering growth and fulfillment in the material world.",en,195,27,1,223,0.121,"['tangible', 'a', 'tale', 'tarot', 'a', 'ideas', 'concrete', 'final', 'tangible', 'reality', 'invites', 'material', 'to', 'a', 'to', 'can', 'material', 'a', 'personal', 'a', 'material', 'plane', 'a', 'crucial', 'role', 'balance', 'material']",['sustainability']
12,"La carta del Emperador en el contexto de la carta de Agua (Emociones y Sentimientos) nos indica que debemos sumergirnos en nuestro mundo emocional, explorando y comprendiendo mejor nuestros propios sentimientos. Esta carta nos invita a la introspección para identificar las emociones dominantes y su impacto en la vida diaria. Además, nos anima a evaluar cómo estas emociones influyen en las decisiones y en las interacciones con los demás. Honrar la sensibilidad emocional como herramienta de conexión y autodescubrimiento es el mensaje que esta carta nos envía.",es,0,84,3,87,0.0,[],"['sumergirnos', 'dominantes', 'autodescubrimiento']"
13,"La carta de Aire en el Tarot representa el aliento vital que conecta a los humanos con las fuerzas universales, facilitando la transmisión de ideas y la interacción social. Esta carta es esencial para la formación y articulación del pensamiento, y es un elemento vital en la simbología del Tarot. La necesidad de una comunicación clara es un tema central en esta carta, ya que los pensamientos y las palabras moldean la realidad personal y pueden conducir a un entendimiento más profundo de uno mismo y del entorno.",es,0,88,0,88,0.0,[],[]
14,"La carta Tres de Bastos en el contexto de la Tierra (Plano material y Recursos) nos indica que debemos examinar cómo interactuamos con el mundo material y cómo gestionamos nuestros recursos. Esta carta nos pide que reflexionemos sobre nuestras aspiraciones espirituales y cómo se relacionan con nuestras prácticas diarias. Esta carta nos desafía a evaluar nuestra relación con el dinero, la salud y el medio ambiente, promoviendo un enfoque equilibrado y sostenible que refleje nuestros valores más profundos.",es,0,78,0,78,0.0,[],[]
15,"La carta del Diez de Oros en el contexto de la Tierra (Plano material y Recursos) nos indica que estamos en el punto final del descenso del espíritu hacia la materia, donde las ideas y emociones se convierten en realidad tangible. Esta carta nos pide reflexionar sobre cómo interactuamos con el mundo material y cómo gestionamos nuestros recursos. La Tierra es esencial para comprender cómo nuestras creencias y emociones se traducen en acciones y manifestaciones físicas. En este contexto, la Tierra nos invita a evaluar nuestra relación con el dinero, la salud y el medio ambiente, promoviendo un enfoque equilibrado y sostenible que refleje nuestros valores más profundos.",es,0,108,0,108,0.0,[],[]
16,"La carta de Reina de Espadas en el contexto de la Tierra (Plano material y Recursos) nos indica que debemos examinar cómo interactuamos con el mundo material y cómo gestionamos nuestros recursos. Esta carta nos pide que reflexionemos sobre nuestras aspiraciones espirituales y cómo se relacionan con nuestras prácticas diarias. La Tierra es el punto final en el descenso del espíritu hacia la materia, donde los conceptos se vuelven realidad tangible. Esta carta nos desafía a evaluar nuestra relación con el dinero, la salud y el medio ambiente, promoviendo un enfoque equilibrado y sostenible que refleje nuestros valores más profundos.",es,0,100,0,100,0.0,[],[]
17,"La carta de Reina de Oros en el contexto de Agua (Emociones y Sentimientos) nos indica que debemos explorar y comprender nuestros sentimientos profundos. Esta carta nos invita a sumergirnos en nuestro mundo emocional, para identificar las emociones dominantes y su impacto en nuestra vida diaria. Además, nos pide evaluar cómo estas emociones influyen en nuestras decisiones y en nuestras interacciones con los demás. La Reina de Oros nos recuerda que debemos honrar la sensibilidad emocional como herramienta de conexión y autodescubrimiento.",es,0,79,3,82,0.0,[],"['sumergirnos', 'dominantes', 'autodescubrimiento']"
18,"La carta de Diez de Copas en el contexto de Carta de Fuego (Impulso y Voluntad) nos indica que estamos en un momento de intensa energía, pasión y fuerza de voluntad. Esta carta nos recuerda que el fuego es la chispa divina que enciende la motivación y el deseo de manifestar nuestra voluntad en el mundo físico. El fuego es una manifestación del poder divino que reside en cada ser humano, y es el motor detrás de la creatividad, la inspiración y la determinación.

La energía del fuego es tanto destructiva como constructiva, capaz de quemar lo que es viejo y obsoleto para dar espacio a nuevas creaciones. En este sentido, representa la purificación a través de la cual las personas pueden reinventarse a sí mismas y sus vidas. La carta de Fuego nos invita a reconocer y canalizar adecuadamente nuestro impulso y voluntad en nuestras acciones y decisiones. Además, nos pide reflexionar sobre los deseos auténticos que motivan estas acciones y cómo alinearlos con un propósito superior.

Esta carta desafía al individuo a usar su poder interior de forma consciente y deliberada, fomentando el crecimiento personal y la transformación. En resumen, la carta de Diez de Copas en el contexto de Carta de Fuego nos pide que exploremos nuestras motivaciones profundas, canalicemos nuestra energía y fortalezcamos nuestra voluntad para crear una vida más significativa y auténtica.",es,0,224,3,227,0.0,[],"['reinventarse', 'adecuadamente', 'alinearlos']"
19,"La carta Cuatro de Copas en el contexto de la Tierra (Plano material y Recursos) nos indica que estamos en el punto final del descenso del espíritu hacia la materia, donde las ideas y emociones se convierten en realidad tangible. Esta carta nos pide reflexionar sobre cómo interactuamos con el mundo material y cómo gestionamos nuestros recursos. La Tierra es esencial para comprender cómo nuestras creencias y emociones se traducen en acciones y manifestaciones físicas. En este contexto, la Tierra nos invita a evaluar nuestra relación con el dinero, la salud y el medio ambiente, promoviendo un enfoque equilibrado y sostenible que refleje nuestros valores más profundos.",es,0,107,0,107,0.0,[],[]
20,"La carta de Fuego, representada por el Diez de Espadas, es una fuerza vital que impulsa la acción y el cambio. Esta energía es la chispa divina que enciende la motivación y el deseo de manifestar la propia voluntad en el mundo físico. El Fuego es una manifestación del poder divino que reside en cada ser humano, siendo la energía destructiva y constructiva. Esta carta alude a la necesidad de reconocer y canalizar adecuadamente la fuerza interior, invitando al buscador a reflexionar sobre cómo su impulso y voluntad se manifiestan en sus acciones y decisiones. Además, sugiere que el individuo use su poder interior de forma consciente y deliberada, fomentando el crecimiento personal y la transformación.",es,0,115,1,116,0.0,[],['adecuadamente']
21,"La carta de As de Copas en el contexto de la Tierra (Plano material y Recursos) nos indica que estamos en el punto final del descenso del espíritu hacia la materia, donde las ideas y emociones se convierten en realidad tangible. Esta carta nos pide reflexionar sobre cómo interactuamos con el mundo material y cómo gestionamos nuestros recursos. La Tierra es esencial para comprender cómo nuestras creencias y emociones se traducen en acciones y manifestaciones físicas. En este contexto, la Tierra nos invita a evaluar nuestra relación con el dinero, la salud y el medio ambiente, promoviendo un enfoque equilibrado y sostenible que refleje nuestros valores más profundos.",es,0,108,0,108,0.0,[],[]
22,"La carta del Paje de Bastos en el contexto de la Carta de Agua (Emociones y Sentimientos) nos indica que debemos sumergirnos en nuestro mundo emocional, explorando y comprendiendo nuestros sentimientos más íntimos. Esta carta nos invita a la introspección para identificar las emociones dominantes y su impacto en nuestra vida diaria. Además, nos anima a evaluar cómo estas emociones influyen en nuestras decisiones y en nuestras interacciones con los demás. La carta de Agua nos pide honrar la sensibilidad emocional como herramienta de conexión y autodescubrimiento.",es,0,83,4,87,0.0,[],"['sumergirnos', 'íntimos', 'dominantes', 'autodescubrimiento']"
23,"La carta de Tierra en la Tirada Estrella del Autoconocimiento nos invita a examinar cómo interactuamos con el mundo material y cómo gestionamos nuestros recursos. Esta carta nos desafía a evaluar nuestra relación con el dinero, la salud y el medio ambiente, promoviendo un enfoque equilibrado y sostenible que refleje nuestros valores más profundos. En este contexto, la Tierra nos recuerda que somos parte de la naturaleza y que debemos mantener una relación sostenible con ella para garantizar nuestro bienestar y el de nuestro entorno.",es,0,84,1,85,0.0,[],['autoconocimiento']
