Fila,Prompt,Idioma original,en,es,unknown,total,contamination,words,unknown_words
0,"In the depths of the soul, a mighty fortress stands, its walls forged from the unyielding stone of resolve and the unshakeable pillars of purpose. Here, the waters of emotion swirl and churn, a turbulent sea that threatens to breach the stronghold at any moment. Yet, within this citadel, a wise and just ruler holds sway, guiding the tides of feeling with a steady hand and a heart of iron. The Emperor of the inner realm, he commands the forces of passion and desire, tempering their wildness with the discipline of will and the wisdom of experience. As the waters rise and fall, he stands firm, a beacon of stability in the tempests of the heart, a guardian of the sacred balance between reason and instinct, between the needs of the individual and the demands of the world outside. In his presence, the turbulent sea becomes a mirror, reflecting the depths of the soul and the true nature of the self.",en,137,24,0,161,0.149,"['soul', 'a', 'resolve', 'here', 'a', 'sea', 'to', 'a', 'a', 'a', 'he', 'discipline', 'as', 'rise', 'he', 'a', 'a', 'balance', 'individual', 'sea', 'a', 'soul', 'true', 'nature']",[]
1,"In the realm of the mind's eye, a bridge of balance spans the chasm between the inner and outer worlds, a symbol of harmony and equilibrium. The breath of life, a gentle breeze carrying the whispers of the divine, stirs the waters of thought, cleansing and clarifying the depths of consciousness. As the mind's gaze turns inward, the mirror of self-reflection reveals the intricate dance of ideas and emotions, a tapestry woven from the threads of experience and intuition. In this sacred space, the seeker finds the power to shape their reality through the artful manipulation of thought and word, a mastery of the subtle forces that govern the material and spiritual realms alike. With each breath, the individual inhales the essence of the universe, and exhales the manifestation of their deepest desires, a symphony of creation and destruction, birth and rebirth, played out upon the stage of the mind.",en,135,18,0,153,0.118,"['a', 'bridge', 'balance', 'a', 'a', 'divine', 'as', 'dance', 'ideas', 'a', 'to', 'reality', 'a', 'material', 'individual', 'inhales', 'exhales', 'a']",[]
2,"In the realm of manifestation, a spark ignites the fertile soil of potential, birthing a vision that takes root and grows with each passing day. The earthy scent of possibility fills the air as the seedling stretches towards the sun, its tendrils entwining with the roots of reality. With each step forward, the path becomes clearer, the landscape shifting to accommodate the unfolding dream. The journey is one of transformation, as the raw material of the mind is shaped and molded into a tangible form, a testament to the power of intention and the resilience of the human spirit. In this dance between the ethereal and the physical, the boundaries blur, and the infinite becomes finite, a living, breathing entity that nourishes and sustains all who touch it.",en,112,15,1,128,0.117,"['a', 'a', 'as', 'reality', 'to', 'as', 'material', 'a', 'tangible', 'a', 'to', 'human', 'dance', 'a', 'living']",['nourishes']
3,"In the realm of manifestation, where spirit meets matter, a tapestry of abundance unfurls. The threads of prosperity weave a rich fabric, a testament to the power of intention and the alchemy of desire. The earthy scent of fulfillment fills the air, as the fruits of labor ripen on the vine. In this verdant landscape, the boundaries between the physical and the metaphysical blur, and the material world becomes a canvas for the artist's soul. The rhythms of nature pulse through every fiber, reminding us that growth and renewal are the very essence of life. As we tend the garden of our existence, nurturing the seeds of our dreams, we find that the harvest is always more bountiful than we could have ever imagined.",en,109,15,1,125,0.12,"['a', 'a', 'a', 'to', 'as', 'labor', 'vine', 'material', 'a', 'soul', 'nature', 'pulse', 'are', 'as', 'more']",['unfurls']
4,"In the realm of the tangible, where the whispers of the soul take root in the earthy embrace of the material plane, a figure of keen intellect and discerning gaze emerges, wielding the sword of wisdom to cut through the veil of illusion and reveal the truth that lies beneath. With a heart as sharp as her mind, she navigates the labyrinth of resources, guiding her path with the light of her inner compass, ever vigilant against the seductive allure of false promises and the siren song of excess. Her presence is a testament to the power of self-mastery, a beacon of hope in the darkness, illuminating the path to a life of balance, harmony, and profound fulfillment.",en,94,25,0,119,0.21,"['tangible', 'soul', 'embrace', 'material', 'plane', 'a', 'figure', 'emerges', 'to', 'a', 'as', 'as', 'her', 'her', 'light', 'her', 'false', 'her', 'a', 'to', 'a', 'hope', 'to', 'a', 'balance']",[]
5,"In the depths of the soul, a nurturing presence reigns, a guardian of the heart's most tender secrets. Like a gentle stream, emotions flow, carrying with them the wisdom of the ages, the whispers of the subconscious, and the echoes of forgotten memories. This is a time to immerse oneself in the waters of feeling, to let the currents of emotion wash over and through, revealing the hidden truths that lie within. For in the depths of the emotional world, one finds the keys to connection, to understanding, and to the truest expression of the self. Let the waters of feeling guide you, and may you emerge transformed, with a deeper appreciation for the beauty and power of the heart's most intimate language.",en,109,16,0,125,0.128,"['soul', 'a', 'a', 'tender', 'a', 'echoes', 'a', 'time', 'to', 'to', 'lie', 'to', 'to', 'to', 'emerge', 'a']",[]
6,"In the depths of the soul, a flame flickers, a spark of divine will that yearns to be fanned into a blaze of purpose. The heart's deepest desires, long suppressed, now stir with renewed passion, demanding to be set free. As the fire of determination ignites, it burns away the ashes of complacency, revealing the path to true fulfillment. The seeker must now harness this inner power, directing it towards the creation of a life that reflects their highest aspirations. With each step forward, the flame grows brighter, illuminating the way towards a future where dreams and reality entwine in perfect harmony.",en,86,17,0,103,0.165,"['soul', 'a', 'a', 'divine', 'to', 'be', 'a', 'to', 'be', 'set', 'as', 'to', 'true', 'a', 'brighter', 'a', 'reality']",[]
7,"In the depths of the earth, where roots delve deep into the soil and ancient secrets slumber, a stillness prevails. The air is heavy with the weight of unspoken desires, and the ground trembles with the promise of transformation. Here, the boundaries between the physical and the spiritual blur, and the material world becomes a canvas for the manifestation of dreams. Yet, in this fertile ground, stagnation threatens to overtake growth, and the call to action echoes through the silence. The earth waits, patient and unyielding, for the spark of intention to ignite the cycle of creation anew. Will you heed the whisper of the land, and let your deepest longings take root? Or will you remain frozen in indecision, allowing the richness of the earth to wither beneath your feet? The choice is yours, and the earth will yield its secrets only to those who dare to sow the seeds of their desires.",en,140,14,0,154,0.091,"['a', 'heavy', 'here', 'material', 'a', 'to', 'to', 'echoes', 'to', 'land', 'to', 'to', 'dare', 'to']",[]
8,"In the crucible of transformation, the old must be shattered to make way for the new. The divine spark within, once fanned into a raging inferno, now threatens to consume all in its path. The will to create and destroy, to purify and renew, burns bright and fierce, leaving naught but ashes in its wake. Yet from these ashes, a phoenix rises, reborn in the fires of determination and passion. The path ahead is fraught with peril, but the drive to manifest one's truest desires cannot be denied. The choice is clear: to let the flames consume all, or to harness their power and forge a new reality from the very depths of one's soul.",en,96,21,0,117,0.179,"['be', 'to', 'divine', 'once', 'a', 'inferno', 'to', 'consume', 'to', 'to', 'bright', 'a', 'rises', 'to', 'be', 'to', 'consume', 'to', 'a', 'reality', 'soul']",[]
9,"In the depths of the soul, a wellspring of emotions bubbles forth, yearning to break free and take form in the world of matter. The tides of the heart swell with potential, aching to manifest in tangible expressions of love and connection. As the waters of the psyche overflow, they create a fertile ground for growth and nurturing, inviting the spirit to take root in the physical realm. The material plane, once a distant concept, now becomes a canvas for the artist of the soul to paint vibrant hues of passion and devotion. In this sacred dance between the ethereal and the earthly, the boundaries between spirit and matter blur, allowing for a harmonious union of the inner and outer worlds.",en,102,19,0,121,0.157,"['soul', 'a', 'to', 'break', 'to', 'tangible', 'as', 'a', 'to', 'material', 'plane', 'once', 'a', 'a', 'soul', 'to', 'hues', 'dance', 'a']",[]
10,"In the depths of the soul, a spark ignites, a flame that dances upon the waves of emotion, casting shadows and reflections of the innermost self. The tides of feeling ebb and flow, carrying secrets and truths long buried beneath the surface. As the seeker delves into this ocean of sensation, they may encounter turbulent currents, yet these are the very forces that shape the contours of the heart and mind. Through empathy and intuition, the path to self-discovery unfolds, revealing the hidden patterns and desires that guide the journey of the soul. In this realm of emotional resonance, the seeker finds connection not only with their own depths but also with the shared experiences of others, forging bonds of understanding and compassion.",en,114,10,0,124,0.081,"['soul', 'a', 'a', 'dances', 'casting', 'buried', 'as', 'are', 'to', 'soul']",[]
11,"In the depths of the earth, where ancient secrets slumber, a hidden force stirs, waiting to be unleashed. This primal power, dormant yet potent, yearns to break free from its confines, to rise up and assert its dominance over the world above. It is a force both gentle and fierce, capable of taming the wildest of beasts yet unyielding in its pursuit of what it desires. As it emerges from the shadows, it brings with it the promise of transformation, of turning the raw and unrefined into something strong and resilient. With each step forward, it leaves behind a trail of growth and renewal, a testament to its unbridled potential and the limitless possibilities that lie within.",en,100,16,1,117,0.137,"['a', 'to', 'be', 'primal', 'to', 'break', 'confines', 'to', 'rise', 'a', 'as', 'emerges', 'a', 'a', 'to', 'lie']",['taming']
12,"En el abismo de tus emociones, un poderoso monarca reina, firme y seguro en su dominio. Su presencia es un llamado a la introspección, a sumergirse en las profundidades de tu alma y explorar las corrientes que te impulsan. La empatía es su arma, una herramienta para conectar con los demás y comprender sus verdades más íntimas. Pero también es una fuerza que puede inundarte, si no sabes controlarla. La sabiduría reside en encontrar el equilibrio, en ser capaz de navegar las aguas turbulentas de tus sentimientos y mantener la calma en la tormenta. Solo entonces podrás descubrir la verdad que late en tu corazón y seguir el camino que te conduce a la auténtica conexión con el mundo y con ti mismo.",es,1,120,2,123,0.008,['si'],"['sumergirse', 'inundarte']"
13,"En el silencio de la noche, un susurro de sabiduría fluye como un río invisible, llevando consigo las semillas de la verdad. La mente, como un jardín en flor, recibe la lluvia de las ideas y las nutre con la luz de la conciencia. Con cada respiración, el alma se expande y se conecta con el vasto océano de la inteligencia universal. Las palabras, como flores delicadas, brotan de la boca y se dispersan en el aire, llevando consigo el aroma de la claridad y la comprensión. En este momento, la comunicación no es solo un intercambio de pensamientos, sino una danza entre el espíritu y la materia, donde la verdad se materializa en la realidad.",es,0,116,0,116,0.0,[],[]
14,"En el corazón de la tierra, donde las raíces se entrelazan con la oscuridad, un nuevo brote emerge, lleno de vida y esperanza. La energía de la materia se despierta, y con ella, la capacidad de crecer y transformarse. La solidez de la tierra es un reflejo de la fortaleza interior que nos permite enfrentar los desafíos y mantener nuestra conexión con la realidad tangible. En este momento, la manifestación física de nuestros sueños y emociones es posible, y la alineación entre nuestra espiritualidad y nuestras acciones diarias se vuelve crucial. La tierra nos recuerda que nuestra existencia es un proceso de crecimiento y evolución, y que la sostenibilidad y el equilibrio son fundamentales para nuestro bienestar y el del mundo que nos rodea.",es,0,123,1,124,0.0,[],['transformarse']
15,"En este momento, la manifestación física de tus aspiraciones y emociones se encuentra en un punto crítico de equilibrio. La Tierra te invita a reflexionar sobre cómo gestionas tus recursos y cómo interactúas con el mundo material. La alineación entre tus valores espirituales y tus prácticas diarias es crucial para encontrar la solidez y la estabilidad que buscas. Considera cómo puedes nutrir y sostener tu crecimiento personal de manera sostenible, y cómo puedes equilibrar tus necesidades materiales con tus aspiraciones más elevadas. La Tierra te ofrece un terreno fértil para la realización personal, pero solo si estás dispuesto a trabajar en armonía con ella.",es,1,103,0,104,0.01,['si'],[]
16,"En el corazón de la tierra, donde las raíces se entrelazan con la oscuridad, una figura de espada emerge, iluminando el camino hacia la manifestación. Con cada paso, la energía se intensifica, convirtiendo la intención en realidad tangible. La conexión con la materia es profunda, y la sabiduría de la tierra fluye a través de cada fibra, guiando hacia la armonía entre el espíritu y la carne. La estabilidad y la fuerza se combinan para crear un terreno fértil donde las semillas de la imaginación pueden germinar y crecer. La tierra es un reflejo de la propia alma, y en su corazón late un ritmo que invita a la reflexión y la acción.",es,0,113,0,113,0.0,[],[]
17,"En el abismo de tus emociones, un reflejo de oro brilla con intensidad, como un sol oculto bajo las olas. La profundidad de tus sentimientos es un mar insondable, donde la luz de la conciencia se funde con la oscuridad del subconsciente. En este espacio, la verdad se revela en susurros, y la sabiduría se encuentra en las corrientes más profundas. La empatía es tu nave, guiándote a través de las aguas turbulentas hacia la conexión con otros seres. La Reina de Oros te invita a sumergirte en este mundo emocional, a explorar las profundidades de tu alma y a encontrar la luz que ilumina el camino hacia la autenticidad y la comprensión.",es,0,111,2,113,0.0,[],"['guiándote', 'sumergirte']"
18,"La llama ardiente del corazón, que late con fuerza y pasión, llama a la acción. La voluntad se enciende como un fuego que consume lo viejo y obsoleto, dejando espacio para nuevas creaciones. La energía purificadora del Fuego transforma y renueva, permitiendo al individuo reinventarse y manifestar su verdadera esencia. La chispa divina dentro de cada ser humano llama a la acción, impulsando a buscar y alcanzar los deseos auténticos que motivan las acciones y decisiones. La fuerza interior debe ser reconocida y canalizada adecuadamente, alineándose con un propósito superior que fomenta el crecimiento personal y la transformación.",es,0,95,3,98,0.0,[],"['reinventarse', 'adecuadamente', 'alineándose']"
19,"En el corazón de la tierra, donde las raíces se entrelazan con la oscuridad, se encuentra el secreto de la manifestación. Allí, las semillas de nuestros deseos más profundos germinan, buscando la luz para crecer y florecer. La tierra nos recuerda que todo comienza en el interior, en el lugar donde las emociones y las creencias se convierten en acciones y formas tangibles. Es un lugar de crecimiento y transformación, donde la fertilidad y la abundancia pueden surgir de la más profunda conexión con nosotros mismos y con el mundo que nos rodea.",es,0,93,0,93,0.0,[],[]
20,"La llama ardiente del corazón, que brilla con la fuerza de un sol naciente, llama a la acción. La pasión y la determinación, como un torrente de fuego, impulsa hacia adelante, sin mirar atrás. La voluntad, como un rayo, ilumina el camino, revelando la verdad de lo que se desea. La energía interior, como un huracán, purifica y transforma, dejando espacio para nuevas creaciones. La chispa divina, que reside en el alma, se enciende, y la inspiración fluye libremente. La fuerza vital, como un torrente incesante, impulsa hacia la manifestación de los deseos auténticos, alineados con un propósito superior. La transformación personal, como un renacimiento, es posible cuando se reconoce y canaliza adecuadamente la fuerza interior.",es,0,115,1,116,0.0,[],['adecuadamente']
21,"En el umbral entre lo espiritual y lo material, un nuevo ciclo comienza. La tierra firme bajo tus pies, un refugio seguro donde plantar las semillas de tus sueños. La abundancia fluye como un río, nutriendo tus raíces y permitiendo que crezcas hacia el sol. Pero recuerda que la prosperidad no es solo una cuestión de recursos, sino también de equilibrio y respeto hacia el mundo que te rodea. La naturaleza te ofrece un ejemplo de cómo florecer sin agotar, cómo crecer sin destruir. Aprende de ella y encontrarás la verdadera riqueza en la armonía y la sostenibilidad.",es,0,98,0,98,0.0,[],[]
22,"En el abismo de tus emociones, un paje de bastos emerge, portador de un mensaje urgente. Su presencia te invita a sumergirte en las profundidades de tu alma, a explorar las corrientes ocultas que te impulsan y te guían. Allí, en el corazón del agua, encontrarás la sabiduría de tus sentimientos más profundos, la intuición que te conecta con el mundo y con los demás. El paje te llama a honrar tu sensibilidad emocional, a dejar que fluya sin resistencia, a permitir que tus emociones te guíen hacia la verdad y la conexión. En este viaje interior, no temas enfrentar las turbulencias, ya que son ellas mismas las que te llevarán a la luz y al equilibrio.",es,0,116,1,117,0.0,[],['sumergirte']
23,"En el corazón de la tierra, donde la materia se funde con el espíritu, se encuentra la fuerza que sostiene la vida. Es la energía que fluye a través de cada célula, la que hace crecer las plantas y hace latir los corazones. Es la fuerza que nos permite trabajar con nuestras manos, que nos permite crear y construir, que nos permite amar y cuidar. Es la fuerza que nos conecta con la naturaleza y con nosotros mismos, que nos permite sentir la riqueza y la abundancia que siempre ha estado presente en nuestro entorno. Esta fuerza es la que nos invita a reflexionar sobre cómo vivimos en armonía con la tierra y con nosotros mismos, a considerar cómo podemos cuidar y nutrir nuestra existencia y la existencia de los demás. Es la fuerza que nos permite encontrar la solidez y la estabilidad en un mundo que constantemente cambia, y que nos permite crecer y florecer en nuestra búsqueda de la verdad y la realización personal.",es,0,166,0,166,0.0,[],[]
