Fila,Prompt,Idioma original,en,es,unknown,total,contamination,words,unknown_words
0,"In the depths of the emotional realm, a regal figure stands tall, his presence commanding respect and authority. The currents of feeling flow around him, their ebb and flow reflecting the tides of his inner world. He is the master of his domain, the Emperor of his emotions, yet he does not rule them with an iron fist. Instead, he embraces their power, allowing them to inform his decisions and guide his actions. His wisdom comes not from detachment, but from a deep understanding of the currents that move within him. He is a beacon of stability amidst the tumultuous seas of the heart, his strength born not of repression, but of acceptance. In his presence, the waters calm, their secrets laid bare, their truths revealed. He is the Emperor of the emotional realm, and he invites you to join him in the depths, to explore the hidden currents of your own heart, and to find the wisdom that lies within.",en,139,22,0,161,0.137,"['a', 'figure', 'he', 'he', 'rule', 'instead', 'he', 'embraces', 'to', 'comes', 'a', 'he', 'a', 'seas', 'bare', 'he', 'he', 'invites', 'to', 'to', 'explore', 'to']",[]
1,"In the realm of thought, a gentle breeze stirs, carrying whispers of wisdom on its wings. It dances through the mind, a breath of inspiration, a spark igniting the fires of understanding. This wind of knowledge, this air of awareness, invites us to listen, to hear the subtle voices that speak from within. It beckons us to explore the landscapes of our own consciousness, to navigate the currents of our thoughts and words. For in the clarity of our communication, both with ourselves and the world around us, lies the key to unlocking the mysteries of our existence. The air card whispers secrets of the mind, urging us to breathe deeply, to inhale the essence of divine ideas, and exhale the truth of our own unique perspective. In this exchange, we become vessels of higher wisdom, channels through which the universal forces flow, shaping our reality with each breath we take.",en,131,20,0,151,0.132,"['a', 'dances', 'a', 'a', 'invites', 'to', 'listen', 'to', 'to', 'explore', 'to', 'to', 'to', 'to', 'inhale', 'divine', 'ideas', 'exhale', 'universal', 'reality']",[]
2,"In the fertile soil of existence, seeds of intention take root, nourished by the sun's warmth and the rain's gentle caress. As they sprout and grow, reaching towards the heavens, their tendrils intertwine with the web of life, weaving a tapestry of abundance. The fruits of labor manifest, a testament to the dance between spirit and matter, the tangible expression of dreams and desires.",en,57,9,0,66,0.136,"['rain', 'as', 'web', 'a', 'labor', 'a', 'to', 'dance', 'tangible']",[]
3,"In the realm of tangible forms, a tapestry of abundance unfolds, where the threads of prosperity weave through the fabric of existence. The dance of resources, a symphony of sustenance, nourishes the roots of being, allowing the fruits of labor to ripen in the fertile soil of time. The material plane, a canvas of potential, invites the brush of intention to paint a masterpiece of fulfillment, where the spirit's whispers manifest in the language of form. In this earthly domain, the echoes of the soul find expression, as the tangible and the intangible entwine in a sacred embrace, giving birth to a reality that mirrors the depths of the heart.",en,87,23,1,111,0.207,"['tangible', 'a', 'dance', 'a', 'labor', 'to', 'time', 'material', 'plane', 'a', 'invites', 'to', 'a', 'echoes', 'soul', 'as', 'tangible', 'intangible', 'a', 'embrace', 'to', 'a', 'reality']",['nourishes']
4,"In the realm of tangible forms, a queen of keen intellect reigns, her mind a sharp blade cutting through the veil of illusion. She stands upon the fertile earth, a ground of potential ripe for cultivation. With a steady gaze, she surveys her domain, assessing the resources at hand - the seeds of ideas, the minerals of emotions, the rich soil of experiences. Her sword, an extension of her will, slices through the chaff of indecision, revealing the essence of what is real and true. She is the embodiment of clarity, the mistress of discernment, her judgments as solid and unyielding as the earth itself. Yet, she is not a destroyer, but a gardener, tending to the growth of wisdom and understanding. She invites us to dig deep, to plant the seeds of our intentions, and to nurture them with the light of our awareness. For in the earth, all things find their form, and in the queen's wisdom, we discover the power to shape our reality.",en,139,28,0,167,0.168,"['tangible', 'a', 'queen', 'her', 'a', 'a', 'a', 'her', 'ideas', 'her', 'her', 'real', 'true', 'her', 'as', 'solid', 'as', 'a', 'a', 'to', 'invites', 'to', 'to', 'to', 'light', 'queen', 'to', 'reality']",[]
5,"In the depths of the soul's ocean, a queen reigns, her heart a compass navigating the currents of feeling. She dances with the tides, each wave a whisper of the subconscious, each ripple a reflection of the inner world. Her throne is the ebb and flow of empathy, the bridge between self and other, the mirror that reveals the hidden truths of the psyche. She invites you to dive deep, to explore the underwater realms of emotion, to embrace the turbulence as a source of wisdom. For in the depths, the heart speaks its own language, one of intuition and understanding. The queen of the waters bids you listen, to let the currents guide you to the treasures of self-discovery and connection.",en,102,22,0,124,0.177,"['soul', 'a', 'queen', 'her', 'a', 'dances', 'a', 'a', 'her', 'bridge', 'invites', 'to', 'to', 'explore', 'to', 'embrace', 'as', 'a', 'queen', 'listen', 'to', 'to']",[]
6,"In the heart of the hearth, a flame dances, a primal force that consumes and creates. It is the essence of will, the divine spark that ignites the soul. This fire, both destructive and constructive, purifies and transforms, burning away the old to make way for the new. It is the engine of creativity, the driving force behind inspiration and determination. The question is not whether to wield this power, but how to channel it consciously, aligning authentic desires with a higher purpose. For in the dance of the flame, there lies the potential for personal growth and transformation, the opportunity to reinvent oneself and one's life.",en,93,14,1,108,0.13,"['a', 'dances', 'a', 'primal', 'consumes', 'divine', 'soul', 'to', 'to', 'to', 'a', 'dance', 'personal', 'to']",['purifies']
7,"In the realm of the tangible, four cups stand, each brimming with the essence of earthly delights. Yet, the seeker, lost in reverie, fails to perceive the bounty before them. The cups, like the body, hold the potential for nourishment and fulfillment, but only when the mind awakens to their presence. To grasp the cups is to embrace the material world, not as an end in itself, but as a means to cultivate the inner landscape. The earth invites us to dance with the physical, to find the divine in the dirt, the sacred in the soil. For in the fertile ground of being, seeds of wisdom sprout, roots of understanding grow deep, and the fruits of self-knowledge ripen.",en,102,18,0,120,0.15,"['tangible', 'stand', 'to', 'body', 'to', 'to', 'to', 'embrace', 'material', 'as', 'as', 'a', 'to', 'invites', 'to', 'dance', 'to', 'divine']",[]
8,"In the heart of the inferno, a phoenix rises from the ashes, its wings ablaze with the fire of rebirth. The old has been consumed, leaving only the essential, the indomitable spirit that cannot be extinguished. From the crucible of destruction emerges a new beginning, a chance to reshape the self in the image of one's deepest desires. The flames of will burn bright, illuminating the path forward, a beacon of purpose in the darkness. Yet, the fire is a double-edged sword, its destructive power as potent as its creative force. To wield it wisely, one must look within, to the core of their being, and ask: what is it that I truly seek to manifest in this world? For the fire will burn away all that is false, leaving only the authentic self, naked and raw, ready to be reborn.",en,119,24,0,143,0.168,"['inferno', 'a', 'rises', 'has', 'be', 'emerges', 'a', 'a', 'chance', 'to', 'bright', 'a', 'a', 'as', 'as', 'to', 'look', 'to', 'core', 'i', 'to', 'false', 'to', 'be']",[]
9,"In the realm of the tangible, a cup overflows with the essence of creation, a primordial force that nourishes and sustains. This abundance, a gift from the cosmos, invites you to partake in the sacred act of manifestation. As you drink from this chalice, feel the currents of life flowing through your veins, awakening your senses and igniting your spirit. The earth, your canvas, awaits your brushstrokes of intention, ready to bear witness to the masterpiece of your existence. Embrace the fertile ground of your being, for it is here that your dreams take root and blossom into reality.",en,83,14,2,99,0.141,"['tangible', 'a', 'a', 'primordial', 'a', 'cosmos', 'invites', 'to', 'as', 'to', 'to', 'embrace', 'here', 'reality']","['nourishes', 'brushstrokes']"
10,"In the depths of the soul's ocean, a gentle current stirs, carrying whispers of the heart's deepest longings. The waters mirror the landscape of the psyche, reflecting the contours of desire and the shadows of fear. To navigate this emotional terrain is to embark on a journey of self-discovery, where each wave reveals a fragment of the true self. The waters connect us to the vast web of human experience, allowing us to empathize with the joys and sorrows of others. In the ebb and flow of emotion, we find the rhythm of our own souls, the pulse that guides us towards authenticity and connection.",en,96,12,0,108,0.111,"['soul', 'a', 'to', 'to', 'a', 'a', 'true', 'to', 'web', 'human', 'to', 'pulse']",[]
11,"In the realm of the tangible, where spirit takes root and blooms, a force of gentle power arises. It is the strength of the earth, the unyielding resilience that nurtures life in all its forms. This force flows through you, an inner wellspring of courage and fortitude. It is the power to stand firm in the face of adversity, to bend but not break, to draw sustenance from the very ground beneath your feet. In this earthly plane, your strength is your greatest resource, a treasure more precious than any material wealth. It is the strength to manifest your dreams, to bring your deepest desires into the light of day. It is the strength to tend to your body as you would the richest soil, to cultivate health and vitality. It is the strength to protect and preserve the world around you, to be a steward of the land and all its inhabitants. In this moment, embrace the strength that lies within you, the power of the earth made manifest in your being. Let it guide you, let it nourish you, let it be your compass as you navigate the material world. For in the end, it is this strength that will see you through, that will allow you to take root and grow, to flourish and thrive in the fertile soil of your own existence.",en,194,32,0,226,0.142,"['tangible', 'a', 'fortitude', 'to', 'stand', 'to', 'break', 'to', 'plane', 'a', 'more', 'material', 'to', 'to', 'light', 'to', 'to', 'body', 'as', 'to', 'to', 'preserve', 'to', 'be', 'a', 'land', 'embrace', 'be', 'as', 'material', 'to', 'to']",[]
12,"El Emperador, con su presencia majestuosa y su mirada penetrante, se encuentra ante un vasto océano de emociones. Las aguas, a veces calmadas y otras agitadas, reflejan las profundidades de su ser, revelando secretos y verdades olvidadas. Sumergirse en este mar de sentimientos es un viaje esencial para conectarse con la propia esencia y la sabiduría intuitiva que yace en su interior. El flujo de las emociones, como el flujo del agua, es vital para el desarrollo espiritual, permitiendo una comprensión más profunda de uno mismo y de los demás a través de la empatía. El Emperador, con su poder y autoridad, debe aprender a navegar por estas aguas, honrando su sensibilidad emocional como una herramienta valiosa para tomar decisiones y conectarse con el mundo que lo rodea. La introspección y la evaluación de las emociones dominantes son fundamentales para comprender su impacto en la vida diaria y en las interacciones con los demás. En este océano de emociones, el Emperador encuentra la clave para gobernar no solo sobre su reino, sino también sobre su propio ser.",es,0,173,4,177,0.0,[],"['sumergirse', 'conectarse', 'conectarse', 'dominantes']"
13,"El aliento de la comprensión, el soplo de la palabra, el susurro de la idea, todo ello se entrelaza en el aire que respiramos. Cada inhalación, una oportunidad para conectarnos con la sabiduría universal, para dejar que las influencias espirituales penetren en nuestra conciencia y nos guíen hacia la claridad mental. El aire, ese elemento etéreo y vital, es el vehículo a través del cual las ideas divinas se materializan en nuestra mente, promoviendo la capacidad de discernimiento y la comprensión profunda de nuestro ser y del mundo que nos rodea. La comunicación, tanto interna como externa, se vuelve esencial en este proceso, ya que nuestras palabras y pensamientos moldean nuestra realidad personal. Explorar cómo nos expresamos, cómo articulamos nuestras ideas y emociones, puede llevarnos a un entendimiento más claro de nosotros mismos y de nuestro lugar en el universo.",es,0,138,2,140,0.0,[],"['conectarnos', 'llevarnos']"
14,"La tierra, madre nutricia, nos ofrece su abrazo cálido y estable. En sus brazos, las semillas de nuestras ideas germinan y crecen, transformándose en realidades tangibles. Ella nos invita a danzar con la materia, a encontrar el equilibrio entre lo etéreo y lo sólido, entre lo espiritual y lo físico. La tierra es el lienzo en el que pintamos nuestra existencia, el escenario donde nuestras emociones y creencias toman forma. Ella nos desafía a ser conscientes de nuestra relación con el mundo material, a gestionar con sabiduría los recursos que nos ofrece. La tierra nos enseña a honrar la vida en todas sus manifestaciones, a encontrar la belleza y la riqueza en lo cotidiano, a construir sobre cimientos sólidos y sostenibles. Ella nos invita a arraigarnos en la tierra, a encontrar la estabilidad y la fuerza necesarias para enfrentar los desafíos del camino, sabiendo que siempre tendremos un hogar al que regresar.",es,0,150,2,152,0.0,[],"['transformándose', 'arraigarnos']"
15,"La tierra, madre nutricia, nos ofrece su abrazo cálido y acogedor. En sus brazos, las semillas de nuestras ideas germinan y crecen, transformándose en realidades tangibles. Ella es la manifestación física de nuestros sueños, el terreno fértil donde nuestras emociones encuentran expresión. La tierra nos invita a bailar con ella, a encontrar el ritmo entre lo espiritual y lo material, a honrar la interconexión sagrada entre nuestro ser interior y el mundo exterior. Ella nos desafía a ser conscientes de cómo nuestras acciones y elecciones moldean nuestro entorno, y a cultivar una relación respetuosa y sostenible con los recursos que nos rodean. La tierra es la maestra paciente que nos enseña a enraizarnos, a encontrar estabilidad y solidez en medio de la corriente de la vida. Ella nos invita a explorar la riqueza que yace bajo nuestros pies, a descubrir los tesoros ocultos en la simpleza de lo cotidiano. La tierra es la prueba palpable de que lo intangible puede hacerse tangible, de que lo etéreo puede encontrar forma y sustancia. Ella es el recordatorio constante de que estamos profundamente conectados con la tierra, y de que nuestra existencia es un baile sagrado con la madre que nos sostiene.",es,0,196,3,199,0.0,[],"['transformándose', 'enraizarnos', 'hacerse']"
16,"La Reina de Espadas, con su mirada penetrante y su postura erguida, nos invita a explorar el mundo tangible que nos rodea. Ella representa la manifestación física de nuestras ideas y emociones, la materialización de lo intangible en formas concretas. La Tierra, su elemento, simboliza la estabilidad y la solidez, la capacidad de sostener y nutrir la vida. La Reina nos desafía a considerar cómo nuestras creencias y valores se traducen en acciones y manifestaciones físicas, cómo nuestras aspiraciones espirituales se reflejan en nuestras prácticas diarias. Ella nos invita a evaluar nuestra relación con el dinero, la salud y el medio ambiente, promoviendo un enfoque equilibrado y sostenible que refleje nuestra esencia más profunda. La Reina de Espadas nos recuerda que, al igual que la Tierra, somos parte integral del ciclo de la vida, y que nuestras decisiones y acciones tienen un impacto en el mundo que nos rodea. Ella nos desafía a ser conscientes de nuestra presencia en este plano material, a honrar nuestra conexión con la Tierra y a manifestar nuestra verdad de manera auténtica y sostenible.",es,0,179,0,179,0.0,[],[]
17,"La Reina de Oros, con su mirada penetrante y su corona adornada, nos invita a sumergirnos en las profundidades de nuestro ser, a explorar los recovecos de nuestro corazón y a descubrir los tesoros ocultos en su interior. Ella es la guardiana de las emociones, la maestra de la intuición y la empatía. Con su presencia, nos guía hacia las aguas turbulentas de nuestro subconsciente, donde las verdades olvidadas y los secretos más íntimos aguardan a ser revelados. La Reina de Oros nos invita a bucear en las corrientes de nuestras emociones, a sentir su flujo y a dejarnos llevar por su corriente. Ella nos enseña a honrar nuestra sensibilidad, a permitir que nuestras emociones nos guíen y nos iluminen. A través de su sabiduría, comprendemos que nuestras emociones son una fuente vital de información, un mapa que nos lleva hacia nuestro verdadero ser y hacia las necesidades más profundas de nuestro corazón. La Reina de Oros nos invita a conectarnos con nosotros mismos y con los demás a través de la empatía, a comprender y a sentir las emociones compartidas, a crear puentes de comprensión y de amor. Ella es la prueba de que, al sumergirnos en las aguas de nuestras emociones, encontramos la sabiduría y la fuerza necesarias para navegar por la vida con autenticidad y conexión.",es,0,214,5,219,0.0,[],"['sumergirnos', 'íntimos', 'dejarnos', 'conectarnos', 'sumergirnos']"
18,"El fuego arde en tu interior, una chispa divina que te impulsa hacia la acción y el cambio. Esta fuerza vital, esta pasión, es el motor que enciende tu creatividad e inspiración, la determinación que te mueve a manifestar tu voluntad en el mundo físico. Pero ten cuidado, pues el fuego también puede ser destructivo, quemando lo viejo y obsoleto para dar paso a nuevas creaciones. Es la purificación que te permite reinventarte, transformarte y renacer. Reflexiona sobre tus deseos auténticos, sobre el propósito que los guía, y canaliza tu poder interior de manera consciente y deliberada. El fuego te invita a crecer, a cambiar, a convertirte en la mejor versión de ti mismo.",es,0,111,3,114,0.0,[],"['reinventarte', 'transformarte', 'convertirte']"
19,"La Tierra, en su quietud, sostiene el peso de nuestras emociones, permitiendo que arraiguen y se manifiesten en formas tangibles. Es el lienzo sobre el cual pintamos nuestra existencia, el escenario donde nuestras creencias y deseos se convierten en acciones y realidades físicas. En este espacio, la estabilidad y la solidez se entrelazan con la capacidad de nutrir y sostener la vida, proporcionando un terreno fértil para el crecimiento y la realización personal. La interacción con el mundo material y la gestión de nuestros recursos nos invitan a reflexionar sobre la alineación entre nuestras aspiraciones más profundas y nuestras prácticas diarias, desafiándonos a encontrar un equilibrio sostenible que refleje nuestros valores más auténticos.",es,0,112,1,113,0.0,[],['desafiándonos']
20,"El fuego arde en tu interior, una fuerza primitiva y salvaje que clama por ser liberada. Es la chispa divina que te empuja hacia adelante, el motor que enciende tus pasiones y te da la voluntad de crear y transformar. Pero ten cuidado, pues el fuego también puede destruir, quemando lo que ya no sirve para dar paso a lo nuevo. Deja que la llama purifique tu ser, que te renueve y te permita reinventarte. Canaliza tu poder interior de manera consciente, alinea tus deseos con un propósito superior y deja que el fuego te guíe hacia el crecimiento y la transformación.",es,0,101,1,102,0.0,[],['reinventarte']
21,"El As de Copas, en su esencia, representa la pureza y la inocencia de las emociones. Es el nacimiento de un sentimiento, el primer latido de un corazón enamorado. En el plano terrenal, esta carta invita a materializar los sueños y a dar forma a las ilusiones. Es el momento de plantar las semillas de la pasión y de ver cómo crecen y se desarrollan en el suelo fértil de la realidad. El As de Copas en la Tierra nos recuerda que las emociones no son abstractas, sino que tienen un peso y una presencia física. Nos invita a sentir el tacto de la mano amada, a saborear el dulce néctar del amor, a escuchar el eco de las palabras pronunciadas con sinceridad. En este contexto, la Tierra se convierte en el escenario donde las emociones cobran vida, donde el amor se hace carne y hueso. Es un llamado a honrar la materialidad de los sentimientos, a no menospreciar la importancia de lo tangible en la experiencia humana. El As de Copas en la Tierra nos recuerda que el amor no es solo un estado del alma, sino también una realidad física que se manifiesta en cada caricia, en cada abrazo, en cada momento compartido. Es una invitación a celebrar la belleza de lo terrenal, a encontrar la divinidad en lo cotidiano, a amar con todo el corazón y con todos los sentidos.",es,0,233,0,233,0.0,[],[]
22,"El Paje de Bastos, con su energía dinámica y enérgica, se encuentra en un viaje de descubrimiento, explorando los misterios del corazón y las profundidades del alma. Como un viajero intrépido, se sumerge en las aguas emocionales, dispuesto a enfrentar las corrientes turbulentas y las profundidades desconocidas. Con su bastón en mano, el Paje se aventura en el mundo de los sentimientos, dispuesto a navegar a través de las olas de la empatía y la intuición. A medida que se adentra en este viaje, el Paje aprende a escuchar su corazón, a confiar en su instinto y a permitir que sus emociones lo guíen hacia la verdad y la comprensión. A través de este proceso de exploración, el Paje descubre la sabiduría oculta en su interior, revelando secretos y verdades que habían estado enterrados en las profundidades de su ser. Con cada paso, el Paje se acerca más a la esencia de su ser, aprendiendo a honrar y valorar la riqueza de sus emociones como una fuente de conexión y crecimiento.",es,0,171,0,171,0.0,[],[]
23,"La Fuerza, como una energía primordial, se manifiesta en el plano físico a través de la Tierra, su expresión más tangible. Esta fuerza, que yace en el corazón de la materia, es la que sostiene y nutre la vida, permitiendo el crecimiento y la transformación. La Tierra, como un terreno fértil, invita a la semilla de las ideas a germinar y a las emociones a tomar forma, creando un puente entre lo espiritual y lo material. En este espacio, la Fuerza se vuelve palpable, manifestándose en acciones y resultados concretos que reflejan la alineación entre nuestros deseos más profundos y nuestra forma de interactuar con el mundo. La Tierra, como una madre nutricia, nos desafía a evaluar nuestra relación con los recursos, invitándonos a un enfoque sostenible y equilibrado que honre nuestra esencia y nuestro propósito en este plano.",es,0,137,2,139,0.0,[],"['manifestándose', 'invitándonos']"
