Fila,Prompt,Idioma original,en,es,unknown,total,contamination,words,unknown_words
0,"The Emperor, a card of authority and stability, symbolizes the embodiment of power and the foundation of order. It represents the ultimate expression of will and the ability to assert one's will over the material world. This card invites you to embrace the depth of your emotional life, to see it as a reflection of your true self and the needs of others. It is a call to reflect on the choices you have made and the paths you have taken, to consider how your actions have shaped your reality. This card encourages you to evaluate your relationship with money, health, and the environment, to see them as reflections of your innermost desires and values. It is a reminder that true fulfillment comes from the alignment between our material choices and our spiritual aspirations. Embrace the Emperor as a symbol of your authority and stability, a reminder that you have the power to shape your reality through your thoughts and actions. Let her be a guide to your journey, a source of inspiration and strength in the face of uncertainty.",en,149,32,0,181,0.177,"['a', 'to', 'material', 'invites', 'to', 'embrace', 'to', 'as', 'a', 'true', 'a', 'to', 'to', 'reality', 'to', 'to', 'as', 'a', 'true', 'comes', 'material', 'embrace', 'as', 'a', 'a', 'to', 'reality', 'her', 'be', 'a', 'to', 'a']",[]
1,"Temperance, a card of balance and harmony, symbolizes the art of blending opposites and finding a middle ground. It represents the ability to integrate diverse elements and achieve a state of equilibrium. This card invites you to embrace the clarity of your mental functions, to see them as a reflection of your true self and the needs of others. It is a call to reflect on the choices you have made and the paths you have taken, to consider how your actions have shaped your reality. This card encourages you to evaluate your relationship with thought and communication, to see them as reflections of your innermost desires and values. It is a reminder that true fulfillment comes from the alignment between our mental choices and our spiritual aspirations. Embrace Temperance as a symbol of your balance and harmony, a reminder that you have the power to shape your reality through your thoughts and words. Let her be a guide to your journey, a source of inspiration and strength in the face of uncertainty.",en,137,36,0,173,0.208,"['a', 'balance', 'a', 'to', 'a', 'invites', 'to', 'embrace', 'mental', 'to', 'as', 'a', 'true', 'a', 'to', 'to', 'reality', 'to', 'to', 'as', 'a', 'true', 'comes', 'mental', 'embrace', 'as', 'a', 'balance', 'a', 'to', 'reality', 'her', 'be', 'a', 'to', 'a']",[]
2,"The Three of Wands, a card of decision and action, symbolizes the moment of choice and the determination to move forward. It represents the clarity of purpose and the strength to take decisive action. This card invites you to embrace the stability of your material resources, to see them as a foundation for personal growth. It is a call to reflect on the choices you have made and the paths you have taken, to consider how your actions have shaped your reality. This card encourages you to evaluate your relationship with money, health, and the environment, to see them as reflections of your innermost desires and values. It is a reminder that true fulfillment comes from the alignment between our material choices and our spiritual aspirations. Embrace the Three of Wands as a symbol of your decision-making spirit, a reminder that you have the power to shape your reality through your thoughts and actions. Let her be a guide to your journey, a source of inspiration and strength in the face of uncertainty.",en,141,33,0,174,0.19,"['a', 'to', 'to', 'invites', 'to', 'embrace', 'material', 'to', 'as', 'a', 'personal', 'a', 'to', 'to', 'reality', 'to', 'to', 'as', 'a', 'true', 'comes', 'material', 'embrace', 'as', 'a', 'a', 'to', 'reality', 'her', 'be', 'a', 'to', 'a']",[]
3,"The Ten of Pentacles, a card of abundance and material wealth, symbolizes the fulfillment of desires and the joy of sharing. It represents the moment of creation, where the spirit meets the material, and the potential for growth is realized. This card invites you to embrace the stability of your material resources, to see them as a foundation for personal growth. It is a call to reflect on the choices you have made and the paths you have taken, to consider how your actions have shaped your reality. This card encourages you to evaluate your relationship with money, health, and the environment, to see them as reflections of your innermost desires and values. It is a reminder that true fulfillment comes from the alignment between our material choices and our spiritual aspirations. Embrace the Ten of Pentacles as a symbol of your creative spirit, a reminder that you have the power to shape your reality through your thoughts and actions. Let her be a guide to your journey, a source of inspiration and strength in the face of uncertainty.",en,144,35,0,179,0.196,"['ten', 'a', 'material', 'material', 'invites', 'to', 'embrace', 'material', 'to', 'as', 'a', 'personal', 'a', 'to', 'to', 'reality', 'to', 'to', 'as', 'a', 'true', 'comes', 'material', 'embrace', 'ten', 'as', 'a', 'a', 'to', 'reality', 'her', 'be', 'a', 'to', 'a']",[]
4,"The Queen of Swords, a card of discernment and authority, symbolizes the sharp intellect and the ability to cut through illusions. It represents the power to see through the material world and to uncover the hidden truths that lie beneath the surface. This card invites you to embrace the clarity of your mind, to use your analytical skills to navigate the complexities of the physical world. It is a call to assert your independence and to stand tall against the forces that would bind you. This card encourages you to evaluate your relationship with material resources, to see them as tools for personal growth rather than sources of oppression. It is a reminder that true strength comes from the ability to separate the essential from the superficial, to prioritize your values and to act with integrity. Embrace the Queen of Swords as a symbol of your intellectual and emotional resilience, a reminder that you have the power to shape your reality through your thoughts and actions. Let her be a guide to your journey, a source of inspiration and strength in the face of adversity.",en,143,41,1,185,0.222,"['queen', 'a', 'to', 'to', 'material', 'to', 'lie', 'invites', 'to', 'embrace', 'to', 'use', 'to', 'a', 'to', 'to', 'stand', 'to', 'material', 'to', 'as', 'personal', 'a', 'true', 'comes', 'to', 'superficial', 'to', 'to', 'embrace', 'queen', 'as', 'a', 'a', 'to', 'reality', 'her', 'be', 'a', 'to', 'a']",['prioritize']
5,"The Queen of Pentacles, a card of abundance and material wealth, symbolizes the nurturing and protective nature of the feminine. It represents the foundation of stability and the source of nourishment. This card invites you to embrace the emotional depth of your relationships, to see them as a reflection of your true self and the needs of others. Like a mother tending to her children, the Queen of Pentacles encourages you to provide care and support, to foster connections that nourish both parties. This card reminds you that true wealth comes from the love and empathy you share with others, from the bonds that strengthen your emotional life. It is a call to honor the feminine aspect of your nature, to recognize the value of emotional connection, and to nurture the relationships that sustain your spirit. Embrace the Queen of Pentacles as a symbol of your nurturing strength, a reminder that your most valuable assets are the connections you share with others. Let her be a guide to your emotional journey, a source of comfort and inspiration in the depths of your heart.",en,146,37,0,183,0.202,"['queen', 'a', 'material', 'nature', 'invites', 'to', 'embrace', 'to', 'as', 'a', 'true', 'a', 'to', 'her', 'queen', 'to', 'care', 'to', 'true', 'comes', 'a', 'to', 'honor', 'nature', 'to', 'to', 'embrace', 'queen', 'as', 'a', 'a', 'are', 'her', 'be', 'a', 'to', 'a']",[]
6,"The Ten of Cups, a card of abundance and new beginnings, symbolizes the fulfillment of desires and the joy of sharing. It represents the moment of creation, where the spirit meets the material, and the potential for growth is realized. This card invites you to embrace the energy of your willpower, to channel your passion into the act of creation. It is a call to assert your authority and to stand tall against the forces that would bind you. This card encourages you to evaluate your relationship with material resources, to see them as tools for personal growth rather than sources of oppression. It is a reminder that true fulfillment comes from the ability to separate the essential from the superficial, to prioritize your values and to act with integrity. Embrace the Ten of Cups as a symbol of your creative spirit, a reminder that you have the power to shape your reality through your thoughts and actions. Let her be a guide to your journey, a source of inspiration and strength in the face of adversity.",en,140,35,2,177,0.198,"['ten', 'a', 'material', 'invites', 'to', 'embrace', 'to', 'a', 'to', 'to', 'stand', 'to', 'material', 'to', 'as', 'personal', 'a', 'true', 'comes', 'to', 'superficial', 'to', 'to', 'embrace', 'ten', 'as', 'a', 'a', 'to', 'reality', 'her', 'be', 'a', 'to', 'a']","['willpower', 'prioritize']"
7,"The Four of Cups, a card of reflection and introspection, symbolizes the moment of pause and the quieting of the mind. It represents the depth of the subconscious, where hidden truths lie waiting to be discovered. This card invites you to embrace the stability of your material resources, to see them as a foundation for personal growth. It is a call to reflect on the choices you have made and the paths you have taken, to consider how your actions have shaped your reality. This card encourages you to evaluate your relationship with money, health, and the environment, to see them as reflections of your innermost desires and values. It is a reminder that true fulfillment comes from the alignment between our material choices and our spiritual aspirations. Embrace the Four of Cups as a symbol of your reflective nature, a reminder that you have the power to shape your reality through your thoughts and actions. Let her be a guide to your journey, a source of inspiration and strength in the face of uncertainty.",en,139,36,0,175,0.206,"['a', 'pause', 'lie', 'to', 'be', 'invites', 'to', 'embrace', 'material', 'to', 'as', 'a', 'personal', 'a', 'to', 'to', 'reality', 'to', 'to', 'as', 'a', 'true', 'comes', 'material', 'embrace', 'as', 'a', 'nature', 'a', 'to', 'reality', 'her', 'be', 'a', 'to', 'a']",[]
8,"The Ten of Swords, a card of sacrifice and transformation, symbolizes the moment of truth where the illusions of the past are shattered. It represents the courage to confront the harsh realities of life and the willingness to let go of what no longer serves us. This card invites you to embrace the fire of your willpower, to channel your inner strength into the act of letting go. It is a call to confront the darkness within, to burn away the old patterns that no longer serve your highest aspirations. This card encourages you to recognize the authentic desires that drive your actions and to align them with a greater purpose. It is a reminder that true transformation comes from the ashes of our old selves, where new possibilities are born. Embrace the fire of your will, for it is the only light that can guide you through the shadows of doubt and into the radiant clarity of your true self. Let the Ten of Swords be a catalyst for your personal growth, a symbol of the courage to embrace change and the strength to forge a new path forward.",en,152,37,1,190,0.195,"['ten', 'a', 'are', 'to', 'to', 'go', 'no', 'invites', 'to', 'embrace', 'to', 'go', 'a', 'to', 'to', 'no', 'serve', 'to', 'to', 'a', 'a', 'true', 'comes', 'are', 'embrace', 'light', 'can', 'true', 'ten', 'be', 'a', 'personal', 'a', 'to', 'embrace', 'to', 'a']",['willpower']
9,"The Ace of Cups, a card of abundance and new beginnings, symbolizes the flow of emotions and ideas into tangible forms. It represents the moment of creation, where the spirit meets the material, and the potential for growth is realized. This card invites you to embrace the abundance of your emotional life, to see it as a source of nourishment and inspiration. Like a garden tended by the hand, the Ace of Cups encourages you to cultivate your feelings, to nurture them into beautiful expressions. This card reminds you that every emotion is a seed, waiting to be planted and tended. It is a call to action, urging you to express your feelings, to share your insights, and to create a world that reflects your deepest values. Remember, the true value of the Ace of Cups lies in the act of creation itself, in the joy of sharing your gifts with others. Embrace this card as a symbol of your creative spirit, a reminder that you have the power to manifest your emotions into reality.",en,144,31,0,175,0.177,"['a', 'ideas', 'tangible', 'material', 'invites', 'to', 'embrace', 'to', 'as', 'a', 'a', 'tended', 'to', 'to', 'a', 'to', 'be', 'tended', 'a', 'to', 'to', 'to', 'to', 'a', 'true', 'embrace', 'as', 'a', 'a', 'to', 'reality']",[]
10,"The Page of Wands, a card of transformation and new beginnings, symbolizes the flow of emotions as a river of change. It whispers of the depths where hidden truths lie, urging a journey into the subconscious. This card invites you to embrace your feelings, to see them as a map to your true self. Like the river, emotions can guide you to new insights, revealing the strength within to overcome challenges. Embrace the ebb and flow, for in the ebb lies the potential for the next great surge. This card encourages you to trust your feelings, to let them lead the way to deeper understanding and connection. Remember, every emotion is a step towards self-discovery, a bridge to the intuitive wisdom that lies within.",en,99,26,0,125,0.208,"['a', 'as', 'a', 'lie', 'a', 'invites', 'to', 'embrace', 'to', 'as', 'a', 'to', 'true', 'can', 'to', 'to', 'embrace', 'surge', 'to', 'trust', 'to', 'to', 'a', 'a', 'bridge', 'to']",[]
11,"Strength, a card of empowerment and resilience, symbolizes the overcoming of obstacles through sheer will and determination. It embodies the strength to endure trials and the courage to stand tall against adversity. This card encourages you to harness your inner fortitude, to draw upon the resources within yourself to overcome challenges. Like a mountain climber scaling the final ridge, Strength reminds you that victory is within reach if you persecede with unwavering resolve. This card invites you to embrace your power, to recognize your ability to overcome any obstacle that stands in your way. It is a call to action, urging you to channel your strength into tangible outcomes, to manifest your aspirations into reality. Remember, true strength is not measured by physical prowess but by the ability to endure and triumph over adversity. Embrace this card as a symbol of your indomitable spirit, a reminder that you have the power to overcome any challenge that comes your way.",en,126,32,1,159,0.201,"['a', 'to', 'endure', 'to', 'stand', 'to', 'fortitude', 'to', 'to', 'a', 'final', 'resolve', 'invites', 'to', 'embrace', 'to', 'to', 'a', 'to', 'to', 'tangible', 'to', 'reality', 'true', 'to', 'endure', 'embrace', 'as', 'a', 'a', 'to', 'comes']",['persecede']
12,"El Emperador, como un faro en la tormenta, refleja la manifestación de la energía en el plano material. Sus círculos, simbolizados por la sabiduría, sostienen el peso del Agua, revelando la capacidad de dominar y nutrir la vida. En este espejo, el Agua muestra el Emperador como un catalizador para el equilibrio, donde las semillas de las aspiraciones espirituales brotan en la riqueza tangible del mundo físico. Cada hoja que el Emperador toca es una nota de la canción de la vida, resonando con la resonancia del Agua. En este mundo de manifestación, el Emperador invita a la introspección, a evaluar cómo nuestras creencias y emociones se traducen en acciones y manifestaciones físicas. Es un llamado a considerar cómo su voluntad y decisiones se manifiestan en sus acciones y diariamente, desafiando a reflexionar sobre los deseos auténticos que motivan estas acciones y cómo alinearlos con un propósito superior. El Emperador es un faro que guía a través de la oscuridad, revelando la fuerza de la vida en el plano tangible, invitando a un enfoque equilibrado y sostenible que refleje nuestros valores más profundos.",es,0,181,2,183,0.0,[],"['círculos', 'alinearlos']"
13,"La Templanza, como un faro en la tormenta, refleja la manifestación de la energía en el plano material. Sus círculos, simbolizados por la sabiduría, sostienen el peso del Aire, revelando la capacidad de equilibrio y purificación. En este espejo, el Aire muestra la Templanza como un catalizador para el crecimiento, donde las semillas de las aspiraciones espirituales brotan en la riqueza tangible del mundo físico. Cada hoja que la Templanza toca es una nota de la canción de la vida, resonando con la resonancia del Aire. En este mundo de manifestación, la Templanza invita a la introspección, a evaluar cómo nuestras creencias y emociones se traducen en acciones y manifestaciones físicas. Es un llamado a considerar cómo su voluntad y decisiones se manifiestan en sus acciones y diariamente, desafiando a reflexionar sobre los deseos auténticos que motivan estas acciones y cómo alinearlos con un propósito superior. La Templanza es un faro que guía a través de la oscuridad, revelando la fuerza de la vida en el plano tangible, invitando a un enfoque equilibrado y sostenible que refleje nuestros valores más profundos.",es,0,179,2,181,0.0,[],"['círculos', 'alinearlos']"
14,"La Tres de Bastos, como un faro en la tormenta, refleja la manifestación de la energía en el plano material. Sus círculos, simbolizados por la sabiduría, sostienen el peso de la Tierra, revelando la capacidad de sustentación y nutrición. En este espejo, la Tierra muestra la Tres de Bastos como un catalizador para el equilibrio, donde las semillas de las aspiraciones espirituales brotan en la riqueza tangible del mundo físico. Cada hoja que la Tres toca es una nota de la canción de la vida, resonando con la resonancia de la Tierra. En este mundo de manifestación, la Tres invita a la introspección, a evaluar cómo nuestras creencias y emociones se traducen en acciones y manifestaciones físicas. Es un llamado a considerar cómo su voluntad y decisiones se manifiestan en sus acciones y diariamente, desafiando a reflexionar sobre los deseos auténticos que motivan estas acciones y cómo alinearlos con un propósito superior. La Tres es un faro que guía a través de la oscuridad, revelando la fuerza de la vida en el plano tangible, invitando a un enfoque equilibrado y sostenible que refleje nuestros valores más profundos.",es,0,185,2,187,0.0,[],"['círculos', 'alinearlos']"
15,"La Diez de Oros, como un faro en la tormenta, refleja la manifestación de la energía en el plano material. Sus círculos, simbolizados por la sabiduría, sostienen el peso de la Tierra, revelando la capacidad de materialización y nutrición. En este espejo, la Tierra muestra la Diez de Oros como un catalizador para el equilibrio, donde las semillas de las aspiraciones espirituales brotan en la riqueza tangible del mundo físico. Cada hoja que la Diez toca es una nota de la canción de la vida, resonando con la resonancia de la Tierra. En este mundo de manifestación, la Diez invita a la introspección, a evaluar cómo nuestras creencias y emociones se traducen en acciones y manifestaciones físicas. Es un llamado a considerar cómo su voluntad y decisiones se manifiestan en sus acciones y diariamente, desafiando a reflexionar sobre los deseos auténticos que motivan estas acciones y cómo alinearlos con un propósito superior. La Diez es un faro que guía a través de la oscuridad, revelando la fuerza de la vida en el plano tangible, invitando a un enfoque equilibrado y sostenible que refleje nuestros valores más profundos.",es,0,185,2,187,0.0,[],"['círculos', 'alinearlos']"
16,"La Reina de Espadas, como un faro en la tormenta, refleja la manifestación de la energía en el plano material. Sus círculos, simbolizados por la sabiduría, sostienen el peso de la Tierra, revelando la capacidad de gestionar y nutrir la vida. En este espejo, la Tierra muestra la Reina de Espadas como un catalizador para el equilibrio, donde las semillas de las aspiraciones espirituales brotan en la riqueza tangible del mundo físico. Cada hoja que la Reina toca es una nota de la canción de la vida, resonando con la resonancia de la Tierra. En este mundo de manifestación, la Reina invita a la introspección, a evaluar cómo nuestras creencias y emociones se traducen en acciones y manifestaciones físicas. Es un llamado a considerar cómo su voluntad y decisiones se manifiestan en sus acciones y diariamente, desafiando a reflexionar sobre las aspiraciones espirituales que motivan estas acciones y cómo alinearlas con un propósito superior. La Reina es un faro que guía a través de la oscuridad, revelando la fuerza de la vida en el plano tangible, invitando a un enfoque equilibrado y sostenible que refleje nuestros valores más profundos.",es,0,187,2,189,0.0,[],"['círculos', 'alinearlas']"
17,"La Reina de Oros, como un faro en la tormenta, refleja la manifestación de la energía en el plano material. Sus círculos, simbolizados por la sabiduría, sostienen el peso del Agua, revelando la capacidad de conectar con los sentimientos más íntimos. En este espejo, el Agua muestra la Reina de Oros como un catalizador para el autodescubrimiento, donde las semillas de las experiencias emocionales brotan en la riqueza tangible del mundo físico. Cada hoja que la Reina toca es una nota de la canción de la vida, resonando con la resonancia del Agua. En este mundo de manifestación, la Reina invita a la introspección, a evaluar cómo nuestras creencias y emociones se traducen en acciones y manifestaciones físicas. Es un llamado a considerar cómo su sensibilidad emocional se manifiestan en sus acciones y decisiones, desafiando a reflexionar sobre las emociones auténticas que motivan estas acciones y cómo alinearlas con un propósito superior. La Reina es un faro que guía a través de la oscuridad, revelando la fuerza de la vida en el plano tangible, invitando a un enfoque equilibrado y sostenible que refleje nuestros valores más profundos.",es,0,183,4,187,0.0,[],"['círculos', 'íntimos', 'autodescubrimiento', 'alinearlas']"
18,"La Diez de Copas, como un faro en la tormenta, refleja la manifestación de la energía en el plano material. Sus círculos, simbolizados por la sabiduría, sostienen el peso del Fuego, revelando la capacidad de reinventarse a través de la purificación. En este espejo, el Fuego muestra la Diez de Copas como un catalizador para el crecimiento, donde las semillas de las aspiraciones espirituales brotan en la riqueza tangible del mundo físico. Cada hoja que la Diez toca es una nota de la canción de la vida, resonando con la resonancia del Fuego. En este mundo de manifestación, la Diez invita a la introspección, a evaluar cómo nuestras creencias y emociones se traducen en acciones y manifestaciones físicas. Es un llamado a considerar cómo su impulso y voluntad se manifiestan en sus acciones y diariamente, desafiando a reflexionar sobre los deseos auténticos que motivan estas acciones y cómo alinearlos con un propósito superior. La Diez es un faro que guía a través de la oscuridad, revelando la fuerza de la vida en el plano tangible, invitando a un enfoque equilibrado y sostenible que refleje nuestros valores más profundos.",es,0,185,3,188,0.0,[],"['círculos', 'reinventarse', 'alinearlos']"
19,"La Cuatro de Copas, como un faro en la tormenta, refleja la manifestación de la energía en el plano material. Sus círculos, simbolizados por la sabiduría, sostienen el peso de la Tierra, revelando la capacidad de sustentación y nutrición. En este espejo, la Tierra muestra la Cuatro de Copas como un catalizador para el equilibrio, donde las semillas de las aspiraciones espirituales brotan en la riqueza tangible del mundo físico. Cada hoja que la Cuatro toca es una nota de la canción de la vida, resonando con la resonancia de la Tierra. En este mundo de manifestación, la Cuatro invita a la introspección, a evaluar cómo nuestras creencias y emociones se traducen en acciones y manifestaciones físicas. Es un llamado a considerar cómo su voluntad y decisiones se manifiestan en sus acciones y diariamente, desafiando a reflexionar sobre los deseos auténticos que motivan estas acciones y cómo alinearlos con un propósito superior. La Cuatro es un faro que guía a través de la oscuridad, revelando la fuerza de la vida en el plano tangible, invitando a un enfoque equilibrado y sostenible que refleje nuestros valores más profundos.",es,0,185,2,187,0.0,[],"['círculos', 'alinearlos']"
20,"La Diez de Espadas, como un faro en la tormenta, refleja la manifestación de la energía en el plano material. Sus círculos, simbolizados por la sabiduría, sostienen el peso del Fuego, revelando la capacidad de purificar y reinventarse. En este espejo, el Fuego muestra la Diez de Espadas como un catalizador para el crecimiento, donde las semillas de las aspiraciones espirituales brotan en la riqueza tangible del mundo físico. Cada hoja que la Diez toca es una nota de la canción de la vida, resonando con la resonancia del Fuego. En este mundo de manifestación, la Diez invita a la introspección, a evaluar cómo nuestras creencias y emociones se traducen en acciones y manifestaciones físicas. Es un llamado a considerar cómo su impulso y voluntad se manifiestan en sus acciones y decisiones, desafiando a reflexionar sobre los deseos auténticos que motivan estas acciones y cómo alinearlos con un propósito superior. La Diez es un faro que guía a través de la oscuridad, revelando la fuerza de la vida en el plano tangible, invitando a un enfoque equilibrado y sostenible que refleje nuestros valores más profundos.",es,0,182,3,185,0.0,[],"['círculos', 'reinventarse', 'alinearlos']"
21,"La As de Copas, como un faro en la tormenta, refleja la manifestación de la energía en el plano material. Sus círculos, simbolizados por la sabiduría, sostienen el peso de la Tierra, revelando la capacidad de sostener y nutrir la vida. En este espejo, la Tierra muestra la As de Copas como un catalizador para el crecimiento, donde las semillas de las aspiraciones espirituales brotan en la riqueza tangible del mundo físico. Cada hoja que la As toca es una nota de la canción de la vida, resonando con la resonancia de la Tierra. En este mundo de manifestación, la As invita a la introspección, a evaluar cómo nuestras creencias y emociones se traducen en acciones y manifestaciones físicas. Es un llamado a considerar la alineación entre nuestras aspiraciones espirituales y nuestras prácticas diarias, desafiando a reflexionar sobre cómo interactuamos con el mundo material y gestionamos nuestros recursos. La As es un faro que guía a través de la oscuridad, revelando la fuerza de la vida en el plano tangible, invitando a un enfoque equilibrado y sostenible que refleje nuestros valores más profundos.",es,0,182,1,183,0.0,[],['círculos']
22,"El Paje de Bastos, como un espejo mágico, refleja la profundidad oculta de las emociones, revelando secretos internos que el agua de la intuición ha recopilado. Sus ojos, simbolizados por el jardín de flores, son una ventana al subconsciente, donde las semillas de las experiencias más íntimas brotan. Cada hoja que el Paje toca es una nota de la canción de la vida, una melodía que el agua de las emociones ha aprendido a resonar. En este mundo de flujo y profundidad, el Paje invita a la introspección, a sumergirse en el océano de sentimientos, donde las olas de la empatía se unen con las corrientes de la sabiduría. Es un llamado a explorar las emociones dominantes, a entender su impacto en la vida diaria, y a evaluar cómo estas influencias moldan las decisiones y las interacciones con los demás. En este espejo, el agua de las emociones refleja no solo el yo, sino también la capacidad de conectarse con el otro, a través de la empatía, permitiendo una comprensión más profunda de las experiencias compartidas. El Paje de Bastos es un catalizador para el desarrollo espiritual, un espejo que muestra la verdadera naturaleza y las necesidades íntimas, invitando a la autodescubrimiento a través de la empatía y la conexión con uno mismo y con los demás.",es,0,213,4,217,0.0,[],"['sumergirse', 'dominantes', 'conectarse', 'autodescubrimiento']"
23,"La Fuerza, como un faro en la tormenta, refleja la resistencia y la manifestación de la energía en el plano material. Sus brazos, simbolizados por la fuerza, sostienen el peso de la Tierra, revelando la capacidad de sostener y nutrir la vida. En este espejo, la Tierra muestra la fuerza como un catalizador para el crecimiento, donde las semillas de las aspiraciones espirituales brotan en la riqueza tangible del mundo físico. Cada roca que la Fuerza toca es una nota de la canción de la vida, resonando con la resonancia de la Tierra. En este mundo de manifestación, la Fuerza invita a la introspección, a evaluar cómo nuestras creencias y emociones se traducen en acciones y manifestaciones físicas. Es un llamado a considerar la alineación entre nuestras aspiraciones espirituales y nuestras prácticas diarias, desafiando a reflexionar sobre cómo interactuamos con el mundo material y gestionamos nuestros recursos. La Fuerza es un faro que guía a través de la oscuridad, revelando la fuerza de la vida en el plano tangible, invitando a un enfoque equilibrado y sostenible que refleje nuestros valores más profundos.",es,0,182,0,182,0.0,[],[]
