Fila,Prompt,Idioma original,en,es,unknown,total,contamination,words,unknown_words
0,"The swirling depths of this card invite a gentle, persistent exploration. A current of understanding begins to emerge, a quiet recognition of the currents within.  It speaks of a powerful, yet sometimes elusive, truth – a resonance that feels profoundly familiar, yet remains veiled.  The reflection reveals a landscape of hidden depths, a space where intuition dances with a subtle melancholy.  There’s a strength rooted in empathy, a willingness to feel deeply, though perhaps with a touch of uncertainty.  This is a moment to pause, to allow the water to wash over you, to observe the subtle shifts in your emotional landscape.  It suggests a need to honor the voice within, to trust the intuitive whispers that guide you, even when the surface feels obscured.  Let the flow reveal what truly resonates.",en,103,29,0,132,0.22,"['invite', 'a', 'a', 'to', 'emerge', 'a', 'a', 'a', 'familiar', 'a', 'a', 'dances', 'a', 'a', 'a', 'to', 'a', 'a', 'to', 'pause', 'to', 'to', 'to', 'observe', 'a', 'to', 'honor', 'to', 'trust']",[]
1,"The air shimmers, a gentle current pushing outward. A quiet understanding begins to bloom, a delicate balance between the visible and unseen.  It’s a moment of receptive stillness, a letting go of the insistent need to speak or act.  Thoughts, like nascent blossoms, unfurl with a subtle grace, seeking their own light.  There’s a yearning for seamless exchange, a desire to weave your intentions into the fabric of reality.  A pause, a moment of reflection – a chance to truly hear the whispers within your own mind.  The air carries a weight of potential, a promise of clarity that demands gentle nurturing.  It’s a pathway to recognizing the subtle currents that shape your perception, inviting you to observe with a heightened awareness.",en,95,29,0,124,0.234,"['a', 'a', 'to', 'a', 'balance', 'visible', 'a', 'a', 'go', 'to', 'a', 'light', 'a', 'a', 'to', 'reality', 'a', 'pause', 'a', 'a', 'chance', 'to', 'a', 'a', 'a', 'to', 'to', 'observe', 'a']",[]
2,"The earth breathes a quiet strength, a grounding presence. A single, steady bloom pushing through the soil – that’s the core of your being, isn’t it?  It’s a recognition of the tangible realities that shape your world, the very foundations upon which you build.  There’s a gentle pull towards what is real, a desire to anchor yourself in the present moment.  Consider the resources you hold dear – the things that nourish your spirit and provide a sense of security.  A balanced approach to these elements – acknowledging both the potential for growth and the need for careful stewardship – is key.  The earth whispers of a sustainable path, a harmonious dance between your intentions and the world around you.  It asks you to examine how you’re nurturing this foundation, ensuring it remains resilient and true to your core values.",en,115,25,1,141,0.177,"['a', 'a', 'a', 'single', 'core', 't', 'a', 'tangible', 'a', 'real', 'a', 'to', 'anchor', 'a', 'a', 'to', 'a', 'a', 'dance', 'to', 'examine', 're', 'true', 'to', 'core']",['isn']
3,"The earth settles, a quiet, steady presence. A single stone, reflecting a vast, ancient landscape.  It speaks of a foundation, a grounding that demands respect.  The weight of potential, held within the soil, feels heavy.  There’s a gentle pull towards what is solid, what holds form and substance.  Consider the space between your actions and your intentions – a delicate balance awaiting alignment.  The earth offers a chance to examine the tangible impact of your choices, the resources you’ve cultivated, and the environment you’ve shaped.  A quiet strength emerges from this grounded perspective – a recognition of the enduring power of persistence.  It asks you to nurture the roots of your being, ensuring a sustainable foundation for your future.",en,97,23,0,120,0.192,"['a', 'a', 'single', 'a', 'a', 'a', 'heavy', 'a', 'solid', 'a', 'balance', 'a', 'chance', 'to', 'examine', 'tangible', 've', 've', 'a', 'emerges', 'a', 'to', 'a']",[]
4,"The earth shifts beneath your feet, a slow, deliberate unfolding. A quiet strength resides within, a grounding force amidst the swirling currents of your being.  It’s a recognition of the tangible echoes of your heart, the very essence of what you hold dear.  Consider the weight of your intentions, the fertile ground where they’re planted.  There’s a pull towards what is solid, a desire to anchor your beliefs to a stable reality.  Yet, a subtle tension exists – a need to relinquish what no longer serves you, to allow the natural flow of resources to nurture new growth.  The earth whispers of a necessary balance, a careful stewardship of the gifts you’ve gathered.  It asks you to examine the landscape of your life – the tangible and the intangible – and to ensure your path remains rooted in a sustainable, unwavering foundation.",en,110,33,0,143,0.231,"['a', 'a', 'resides', 'a', 'a', 'tangible', 'echoes', 're', 'a', 'solid', 'a', 'to', 'anchor', 'to', 'a', 'reality', 'a', 'a', 'to', 'no', 'to', 'natural', 'to', 'a', 'balance', 'a', 've', 'to', 'examine', 'tangible', 'intangible', 'to', 'a']",[]
5,"The shimmering surface of this card reveals a profound current within. A gentle, insistent pull towards the depths, a yearning for clarity amidst the swirling tides of feeling. It speaks of a strength rooted in understanding, a quiet resilience forged in the flow of intuition.  

The water reflects a landscape both serene and shadowed, a delicate balance between receptiveness and guardedness.  It suggests a powerful, yet subtle, influence – a voice that echoes within your soul, demanding you listen to the unspoken truths. 

This card invites a careful examination of the emotional landscape, recognizing the potent signals emanating from your core.  Allow the water to guide you, to reveal the hidden currents that shape your perceptions and actions.  It’s a moment to honor the wisdom that resides within your empathy, understanding that it is the key to unlocking your authentic self.",en,115,25,1,141,0.177,"['a', 'a', 'a', 'a', 'a', 'a', 'serene', 'a', 'balance', 'a', 'a', 'echoes', 'soul', 'listen', 'to', 'invites', 'a', 'core', 'to', 'to', 'a', 'to', 'honor', 'resides', 'to']",['emanating']
6,"The flames dance within, a restless, bright energy. A powerful current flows, demanding to be unleashed.  It feels like a nascent bloom, pushing through the darkness, demanding to be seen.  A focused intensity, a burning desire – this is the core of the unfolding.  

The world shifts and swirls around you, mirroring the intensity of your own will.  A potent force, demanding recognition, yet simultaneously hinting at a potential for profound change.  It speaks of a journey inward, a deliberate forging of your own path.  

Consider the warmth within, the strength that fuels your ambition.  Let the fire illuminate the shadows, revealing the potential for a truly magnificent creation.  It’s a call to embrace the transformative power that resides within, to let your will burn brightly and reshape your reality.",en,106,23,1,130,0.177,"['dance', 'a', 'bright', 'a', 'to', 'be', 'a', 'to', 'be', 'a', 'a', 'core', 'a', 'a', 'a', 'a', 'a', 'a', 'to', 'embrace', 'resides', 'to', 'reality']",['swirls']
7,"The earth breathes a quiet strength, a grounding presence.  A single, steady bloom pushing through the soil – that’s the core of your being, isn’t it?  It’s the weight of your experiences, the solid foundation upon which you build.  There’s a gentle pull towards what is real, a recognition of the tangible within your heart.  The earth offers a space for reflection, a moment to truly see the resources you’ve cultivated – both within and without.  Consider how your energy flows through the physical realm, and how it interacts with the world around you.  A balanced approach, a mindful connection to the tangible, reveals a profound truth about your own enduring nature.  Let the earth’s quiet wisdom guide you toward a sustainable path, rooted in acceptance and enduring value.",en,110,22,1,133,0.165,"['a', 'a', 'a', 'single', 'core', 't', 'solid', 'a', 'real', 'a', 'tangible', 'a', 'a', 'to', 've', 'a', 'a', 'to', 'tangible', 'a', 'nature', 'a']",['isn']
8,"The flickering flame within you holds a potent, almost restless energy. A force demanding to be unleashed, a current pulling you towards a new horizon. It’s a fierce, unwavering conviction, a burning desire that refuses to be contained.  This is a moment of intense focus, a singular purpose demanding to be realized.  

The path ahead is paved with potential, a landscape ripe for reshaping.  There’s a strength radiating from this core, a clarity born from confronting the shadows of the past.  It’s a powerful, transformative moment, demanding you to fully embrace the fire within – to let its intensity guide your decisions, even if it means a difficult, swift burn.  Consider how this potent energy will ultimately illuminate your true self.",en,97,26,0,123,0.211,"['a', 'a', 'to', 'be', 'a', 'a', 'a', 'a', 'to', 'be', 'a', 'intense', 'a', 'singular', 'to', 'be', 'a', 'a', 'core', 'a', 'a', 'to', 'embrace', 'to', 'a', 'true']",[]
9,"The earth’s steady presence whispers of a foundation built on enduring values. A gentle strength, a quiet resolve, emanates from this card – a recognition of the inherent worth within the tangible world.  It’s a moment to consider the roots of your being, the resources you’ve cultivated, and the landscape of your life.  There’s a profound connection to the physical realm, a subtle dance between the tangible and the ethereal.  A shift in perspective is needed – a mindful assessment of how you nurture and protect this foundation.  The earth’s quiet demand for balance suggests a need to honor the cycles of growth and renewal, ensuring that your efforts are rooted in stability and enduring purpose.  Let the stillness of this card invite you to examine the very essence of your being.",en,110,24,1,135,0.178,"['a', 'a', 'a', 'resolve', 'a', 'tangible', 'a', 'to', 've', 'a', 'to', 'a', 'dance', 'tangible', 'a', 'a', 'balance', 'a', 'to', 'honor', 'are', 'invite', 'to', 'examine']",['emanates']
10,"The water swirls, a gentle, insistent pull. It reveals a landscape within, a vast and shadowed ocean of feeling.  A single drop reflects a distant shore, hinting at a truth you’ve been avoiding.  The current flows, carrying both comfort and a persistent, unfamiliar rhythm.  Look deeper, and you’ll find the echoes of moments past, perhaps even ones you’ve forgotten.  A quiet understanding blossoms from the depths – a recognition of your own inherent wisdom.  This is a moment of profound connection, a chance to fully embrace the emotional currents that shape your being.  Let the water guide you, not to dictate, but to simply *be* within its embrace.",en,85,24,1,110,0.218,"['a', 'a', 'a', 'a', 'single', 'a', 'a', 've', 'a', 'look', 'll', 'echoes', 've', 'a', 'a', 'a', 'a', 'chance', 'to', 'embrace', 'to', 'to', 'be', 'embrace']",['swirls']
11,"The earth settles, a quiet, steady presence. It speaks of a foundation, a rootedness that demands respect. A gentle strength blooms from the depths, a recognition of the power held within your own being.  Consider how your energy flows through the tangible world – the soil beneath your feet, the very ground you stand upon.  There’s a profound understanding of what sustains you, a quiet resilience born from enduring moments.  The earth’s embrace offers a chance to acknowledge the resources you’ve cultivated, both literally and metaphorically.  It asks you to examine the balance between your intentions and the world around you – a harmonious alignment of spirit and substance.  Let the quiet strength of this card guide you toward a sustainable path, rooted in mindful action and unwavering devotion to your core values.",en,113,21,0,134,0.157,"['a', 'a', 'a', 'a', 'a', 'tangible', 'stand', 'a', 'a', 'embrace', 'a', 'chance', 'to', 've', 'to', 'examine', 'balance', 'a', 'a', 'to', 'core']",[]
12,"El Emperador se alza con una fuerza silenciosa, un poder que se manifiesta en la profundidad de su ser.  Es un ancla de intuición, un faro que guía a través de la niebla de las emociones.  Su presencia es un llamado a la exploración de lo interior, a desvelar los secretos que se esconden bajo la superficie.  La energía del Agua fluye, revelando las raíces de la empatía y la conexión con el alma.  Observa cómo este ser se alimenta de la verdad, de la comprensión profunda de sí mismo y de las emociones que lo impulsan.  Permite que la intuición te guíe hacia la armonía de tus sentimientos, revelando la esencia de tu propia voz.",es,0,116,0,116,0.0,[],[]
13,"La Templanza se presenta como un delicado equilibrio, un paso entre la audacia y la cautela.  Es la danza sutil de la razón, la búsqueda de la armonía en la expresión.  Unos pocos pasos hacia la verdad, pero con una profunda precaución.  La necesidad de una comunicación honesta, sin la precipitación, pero también sin la excesiva complacencia.  La luz del pensamiento se revela en la claridad de la acción, pero la sombra de la duda puede eclipsar la visión.  Unos pocos pasos hacia la comprensión de uno mismo, y un profundo respeto por las influencias que te rodean.",es,0,98,0,98,0.0,[],[]
14,"La Tierra se abre paso, un punto de encuentro entre lo invisible y lo tangible.  Un nuevo camino se forma, un terreno fértil para la manifestación de tus ideas y emociones, pero con una firmeza que te permite sostener la realidad.  La Tierra te invita a mirar más profundamente hacia tu interior, a evaluar cómo tus recursos, tanto físicos como espirituales, se manifiestan en la vida.  La armonía entre lo que buscas y lo que tienes es la clave para este nuevo comienzo.  Observa cómo la Tierra te guía hacia un equilibrio, un entendimiento profundo de tu relación con el mundo que te rodea.",es,0,104,0,104,0.0,[],[]
15,"La diez de Oros se abre con un resplandor de firmeza, como un faro en la oscuridad.  La manifestación tangible de tus aspiraciones, la que te impulsa y te define, se materializa con una fuerza inquebrantable.  Un camino de recursos, tanto físicos como espirituales, se abre ante ti, un terreno fértil para el crecimiento.  La Tierra te invita a sostener tu visión, a dar forma a tus sueños con la misma determinación que la tierra sostiene la vida.  Pero, ¿qué tan bien estás gestionando tus recursos?  La carta te desafía a evaluar la relación entre tus deseos más profundos y la realidad tangible que te rodea, buscando un equilibrio que refleje tu verdadero ser.",es,0,114,0,114,0.0,[],[]
16,"La Reina de Espadas se alza con una fuerza silenciosa, un punto de inflexión en la manifestación de lo tangible.  Su presencia es un llamado a la firmeza, a la decisión de materializar lo que se siente como esencial.  La Tierra, en su núcleo, te invita a examinar la forma en que tus ideas y emociones se manifiestan en la realidad física.  Es un momento de confrontación, de evaluar si tus aspiraciones espirituales se alinean con la estabilidad que te rodea.  La Tierra te muestra la necesidad de un equilibrio entre lo que sostienes y lo que te alimenta, un punto de encuentro entre lo que buscas y lo que te rodea.  La energía de la Reina te impulsa a tomar control de tus recursos, a evaluar la relación con el dinero, la salud y el medio ambiente, y a encontrar una armonía entre lo que te define y lo que te sustenta.",es,1,152,0,153,0.007,['si'],[]
17,"La Reina de Oros se alza con una luz que se refleja en la profundidad.  Un espejo que muestra la raíz de tus sentimientos, un lugar donde las emociones se entrelazan con la sabiduría ancestral.  Sigue el curso de la intuición, como un río que se desliza a través de la tierra.  Observa cómo la empatía te guía, revelando las conexiones invisibles que te rodean.  Esta figura te invita a desvelar los secretos que se esconden en tu interior, a comprender la fuerza que impulsa tus decisiones y a honrar la sensibilidad que te define.  Permite que la luz de la Reina de Oros te guíe hacia un entendimiento más profundo de tu propia esencia.",es,0,115,0,115,0.0,[],[]
18,"El fuego que arde dentro de ti, un torrente de voluntad que se libera con cada paso.  Un fuego que consume lo viejo, dejando espacio para la creación.  La chispa divina que te impulsa a actuar, a desafiar lo establecido.  Observa cómo la energía se manifiesta en tus decisiones, como un fuego que se alimenta de tu propia fuerza.  ¿Qué es lo que realmente te impulsa?  ¿Qué es lo que te hace vibrar?  El fuego te invita a abrazar tu potencial, a dejar que la pasión guíe tu camino, y a encontrar la claridad en la intensidad de tu voluntad.",es,0,100,0,100,0.0,[],[]
19,"La Tierra se abre paso, un torrente de luz que fluye hacia la manifestación.  Un río de posibilidades se desborda, un camino que se abre a la realidad tangible.  La energía se siente en la firmeza, en la promesa de un terreno fértil donde las ideas y las emociones se arraigan.  La Tierra, un guardián de la estabilidad, invita a observar la forma en que se materializa nuestra esencia.  Un equilibrio entre lo tangible y lo espiritual, la conexión con los recursos que nos sustenta, y la responsabilidad de la tierra que nos rodea.  La luz se expande, revelando la oportunidad de integrar la armonía entre lo que se siente y lo que se puede hacer.",es,0,116,0,116,0.0,[],[]
20,"El fuego se desata, un torrente de voluntad que se abre paso. Un impulso que se manifiesta con fuerza, como un rayo que golpea la tierra.  La chispa divina, recién encendida, se expande hacia la acción, un fuego que consume lo viejo para dar lugar a lo nuevo.  La necesidad de reconocer y canalizar la fuerza interior se revela en cada paso, un camino de autodescubrimiento.  La energía que fluye, a veces intensa, a veces suave,  sugiere la posibilidad de una transformación profunda.  La pregunta que se levanta es: ¿qué fuego alimenta tu voluntad? ¿Qué camino te lleva a la verdadera manifestación de tu potencial?",es,0,104,1,105,0.0,[],['autodescubrimiento']
21,"La As de Copas se abre como un lienzo en blanco, un espacio donde la manifestación de lo posible se encuentra en un punto de transición.  La tierra, con su firmeza, invita a una exploración profunda de la realidad material que te rodea.  La energía de esta carta sugiere un momento de consolidación, donde la manifestación de tus ideas y emociones se vuelve tangible.  La relación con tus recursos, tanto físicos como espirituales, es un punto de partida crucial.  Observa cómo la tierra te guía hacia la alineación entre lo que anhela tu alma y lo que te rodea, buscando un equilibrio que nutra tu ser.  La carta te invita a mirar hacia adelante con una mirada cautelosa, evaluando la forma en que utilizas tus dones y la importancia de la tierra en tu camino.",es,0,135,0,135,0.0,[],[]
22,"El Paje de Bastos te invita a navegar un mar de emociones que, a primera vista, parecen turbulentos.  Un torrente de sentimientos, quizás un poco confuso, se manifiesta en tu interior.  La intuición te guía hacia un profundo entendimiento de ti mismo, un reflejo de lo que anhela tu ser.  

Observa cómo el agua, con su fluidez, te impulsa a explorar las profundidades de tu psique.  Cada emoción, aunque intensa, es una señal, una pieza clave en el puzzle de tu ser.  Permite que la empatía te conecte con las experiencias de los demás, pero con cautela.  

La carta te invita a un viaje de autodescubrimiento, a desentrañar los secretos que se esconden en tu interior.  La sensibilidad emocional, aunque a veces desafiante, es la llave para la comprensión de tu propia voz y la conexión con tu verdadero ser.",es,1,138,1,140,0.007,['puzzle'],['autodescubrimiento']
23,"La Fuerza se manifiesta en la forma de un camino que se abre a la tierra, un paso firme hacia la manifestación de lo que se siente.  Es un poder latente, una fuerza que se siente en la tierra, esperando ser liberada.  La Tierra te invita a mirar más allá de lo superficial, a sentir la raíz de tus deseos y a comprender cómo se materializan en la realidad.  La fuerza se encuentra en la capacidad de sostener y nutrir, pero también en la necesidad de gestionar los recursos con cuidado y equilibrio.  La Tierra te invita a evaluar la relación entre tus aspiraciones espirituales y las acciones diarias, buscando un camino que sea tanto sólido como sostenible.",es,0,118,0,118,0.0,[],[]
